10.0     344
10.02    339
10.04    293
10.06    332
10.08    285
10.1     307
10.12    329
10.14    332
10.16    325
10.18    360
10.2     303
10.22    311
10.24    321
10.26    316
10.28    341
10.3     345
10.32    319
10.34    337
10.36    307
10.38    310
10.4     316
10.42    330
10.44    349
10.46    319
10.48    304
10.5     302
10.52    328
10.54    330
10.56    345
10.58    336
10.6     326
10.62    355
10.64    344
10.66    323
10.68    334
10.7     323
10.72    331
10.74    332
10.76    310
10.78    341
10.8     320
10.82    348
10.84    344
10.86    347
10.88    372
10.9     350
10.92    338
10.94    332
10.96    364
10.98    344
11.0     332
11.02    356
11.04    347
11.06    347
11.08    342
11.1     317
11.12    345
11.14    341
11.16    303
11.18    349
11.2     370
11.22    365
11.24    374
11.26    331
11.28    333
11.3     330
11.32    373
11.34    347
11.36    343
11.38    345
11.4     321
11.42    329
11.44    338
11.46    343
11.48    339
11.5     319
11.52    343
11.54    348
11.56    354
11.58    364
11.6     347
11.62    324
11.64    367
11.66    326
11.68    370
11.7     351
11.72    319
11.74    300
11.76    353
11.78    324
11.8     348
11.82    309
11.84    361
11.86    345
11.88    337
11.9     308
11.92    303
11.94    342
11.96    338
11.98    328
12.0     335
12.02    338
12.04    323
12.06    324
12.08    325
12.1     311
12.12    293
12.14    297
12.16    330
12.18    319
12.2     299
12.22    370
12.24    312
12.26    306
12.28    311
12.3     302
12.32    294
12.34    308
12.36    320
12.38    314
12.4     299
12.42    318
12.44    327
12.46    315
12.48    279
12.5     310
12.52    311
12.54    266
12.56    310
12.58    284
12.6     286
12.62    290
12.64    298
12.66    304
12.68    297
12.7     308
12.72    302
12.74    339
12.76    297
12.78    301
12.8     270
12.82    267
12.84    296
12.86    279
12.88    283
12.9     274
12.92    312
12.94    268
12.96    272
12.98    266
13.0     250
13.02    299
13.04    251
13.06    279
13.08    289
13.1     302
13.12    288
13.14    276
13.16    259
13.18    299
13.2     298
13.22    268
13.24    272
13.26    244
13.28    293
13.3     272
13.32    245
13.34    291
13.36    244
13.38    274
13.4     267
13.42    283
13.44    268
13.46    264
13.48    257
13.5     284
13.52    271
13.54    256
13.56    279
13.58    277
13.6     268
13.62    248
13.64    256
13.66    252
13.68    237
13.7     244
13.72    298
13.74    287
13.76    242
13.78    266
13.8     292
13.82    269
13.84    241
13.86    259
13.88    239
13.9     270
13.92    274
13.94    263
13.96    273
13.98    237
14.0     259
14.02    263
14.04    268
14.06    247
14.08    235
14.1     262
14.12    252
14.14    224
14.16    262
14.18    280
14.2     274
14.22    268
14.24    247
14.26    249
14.28    255
14.3     264
14.32    278
14.34    272
14.36    253
14.38    238
14.4     241
14.42    269
14.44    272
14.46    271
14.48    277
14.5     265
14.52    235
14.54    266
14.56    255
14.58    277
14.6     254
14.62    273
14.64    261
14.66    257
14.68    248
14.7     257
14.72    254
14.74    268
14.76    259
14.78    274
14.8     277
14.82    268
14.84    239
14.86    261
14.88    272
14.9     224
14.92    238
14.94    254
14.96    251
14.98    276
15.0     279
15.02    252
15.04    243
15.06    261
15.08    254
15.1     285
15.12    234
15.14    286
15.16    251
15.18    262
15.2     266
15.22    266
15.24    264
15.26    291
15.28    260
15.3     274
15.32    271
15.34    253
15.36    255
15.38    251
15.4     274
15.42    264
15.44    268
15.46    289
15.48    291
15.5     269
15.52    256
15.54    291
15.56    254
15.58    283
15.6     277
15.62    270
15.64    252
15.66    259
15.68    246
15.7     243
15.72    243
15.74    281
15.76    252
15.78    298
15.8     262
15.82    261
15.84    290
15.86    294
15.88    270
15.9     252
15.92    278
15.94    274
15.96    278
15.98    267
16.0     250
16.02    309
16.04    266
16.06    269
16.08    304
16.1     279
16.12    264
16.14    271
16.16    293
16.18    257
16.2     298
16.22    280
16.24    270
16.26    251
16.28    284
16.3     267
16.32    294
16.34    280
16.36    278
16.38    286
16.4     254
16.42    276
16.44    277
16.46    271
16.48    319
16.5     255
16.52    279
16.54    283
16.56    293
16.58    276
16.6     281
16.62    291
16.64    271
16.66    281
16.68    243
16.7     296
16.72    274
16.74    279
16.76    323
16.78    316
16.8     269
16.82    271
16.84    263
16.86    281
16.88    308
16.9     255
16.92    285
16.94    243
16.96    298
16.98    279
17.0     314
17.02    283
17.04    263
17.06    279
17.08    277
17.1     288
17.12    302
17.14    290
17.16    261
17.18    321
17.2     314
17.22    272
17.24    301
17.26    293
17.28    281
17.3     284
17.32    302
17.34    265
17.36    307
17.38    326
17.4     325
17.42    299
17.44    288
17.46    284
17.48    330
17.5     274
17.52    311
17.54    307
17.56    267
17.58    256
17.6     290
17.62    303
17.64    290
17.66    284
17.68    276
17.7     313
17.72    326
17.74    289
17.76    252
17.78    300
17.8     290
17.82    301
17.84    298
17.86    284
17.88    307
17.9     296
17.92    297
17.94    279
17.96    283
17.98    281
18.0     264
18.02    319
18.04    346
18.06    338
18.08    308
18.1     300
18.12    313
18.14    304
18.16    324
18.18    301
18.2     303
18.22    300
18.24    335
18.26    318
18.28    309
18.3     342
18.32    310
18.34    379
18.36    381
18.38    340
18.4     353
18.42    344
18.44    315
18.46    309
18.48    314
18.5     318
18.52    319
18.54    311
18.56    304
18.58    307
18.6     273
18.62    331
18.64    295
18.66    306
18.68    315
18.7     288
18.72    272
18.74    308
18.76    298
18.78    289
18.8     278
18.82    298
18.84    325
18.86    282
18.88    309
18.9     293
18.92    324
18.94    303
18.96    329
18.98    308
19.0     320
19.02    297
19.04    327
19.06    310
19.08    310
19.1     328
19.12    308
19.14    328
19.16    313
19.18    277
19.2     315
19.22    300
19.24    309
19.26    313
19.28    366
19.3     292
19.32    311
19.34    322
19.36    323
19.38    304
19.4     318
19.42    287
19.44    306
19.46    309
19.48    316
19.5     342
19.52    312
19.54    313
19.56    317
19.58    328
19.6     296
19.62    306
19.64    298
19.66    308
19.68    330
19.7     318
19.72    322
19.74    336
19.76    313
19.78    329
19.8     330
19.82    320
19.84    340
19.86    327
19.88    307
19.9     305
19.92    314
19.94    320
19.96    331
19.98    318
20.0     310
20.02    308
20.04    339
20.06    323
20.08    326
20.1     326
20.12    328
20.14    347
20.16    314
20.18    305
20.2     324
20.22    319
20.24    309
20.26    316
20.28    302
20.3     316
20.32    323
20.34    309
20.36    305
20.38    296
20.4     333
20.42    338
20.44    348
20.46    333
20.48    334
20.5     352
20.52    323
20.54    331
20.56    337
20.58    342
20.6     330
20.62    338
20.64    308
20.66    321
20.68    320
20.7     289
20.72    365
20.74    353
20.76    324
20.78    334
20.8     351
20.82    348
20.84    375
20.86    330
20.88    311
20.9     317
20.92    340
20.94    293
20.96    340
20.98    290
21.0     339
21.02    321
21.04    288
21.06    330
21.08    305
21.1     318
21.12    327
21.14    304
21.16    334
21.18    334
21.2     328
21.22    350
21.24    317
21.26    322
21.28    321
21.3     344
21.32    316
21.34    319
21.36    332
21.38    336
21.4     328
21.42    309
21.44    319
21.46    351
21.48    314
21.5     352
21.52    339
21.54    344
21.56    352
21.58    353
21.6     327
21.62    323
21.64    356
21.66    318
21.68    324
21.7     351
21.72    334
21.74    337
21.76    342
21.78    337
21.8     322
21.82    311
21.84    316
21.86    316
21.88    350
21.9     368
21.92    339
21.94    300
21.96    357
21.98    343
22.0     325
22.02    347
22.04    351
22.06    325
22.08    358
22.1     334
22.12    356
22.14    333
22.16    340
22.18    358
22.2     347
22.22    329
22.24    324
22.26    384
22.28    352
22.3     342
22.32    329
22.34    329
22.36    369
22.38    359
22.4     346
22.42    357
22.44    354
22.46    355
22.48    339
22.5     345
22.52    383
22.54    329
22.56    307
22.58    358
22.6     347
22.62    342
22.64    366
22.66    336
22.68    312
22.7     343
22.72    366
22.74    358
22.76    358
22.78    322
22.8     328
22.82    342
22.84    354
22.86    352
22.88    335
22.9     334
22.92    363
22.94    341
22.96    345
22.98    324
23.0     329
23.02    311
23.04    357
23.06    370
23.08    390
23.1     357
23.12    330
23.14    316
23.16    369
23.18    328
23.2     363
23.22    347
23.24    346
23.26    321
23.28    349
23.3     338
23.32    346
23.34    367
23.36    389
23.38    368
23.4     366
23.42    345
23.44    390
23.46    363
23.48    351
23.5     358
23.52    350
23.54    326
23.56    350
23.58    340
23.6     358
23.62    342
23.64    350
23.66    322
23.68    340
23.7     319
23.72    327
23.74    382
23.76    384
23.78    347
23.8     346
23.82    376
23.84    381
23.86    364
23.88    380
23.9     358
23.92    347
23.94    353
23.96    357
23.98    357
24.0     354
24.02    369
24.04    357
24.06    377
24.08    330
24.1     317
24.12    338
24.14    364
24.16    379
24.18    346
24.2     354
24.22    341
24.24    349
24.26    353
24.28    359
24.3     340
24.32    350
24.34    341
24.36    376
24.38    366
24.4     364
24.42    389
24.44    360
24.46    361
24.48    398
24.5     359
24.52    387
24.54    338
24.56    355
24.58    339
24.6     320
24.62    338
24.64    318
24.66    330
24.68    385
24.7     361
24.72    320
24.74    352
24.76    401
24.78    347
24.8     305
24.82    385
24.84    342
24.86    385
24.88    346
24.9     350
24.92    344
24.94    370
24.96    369
24.98    342
25.0     382
25.02    352
25.04    326
25.06    374
25.08    382
25.1     367
25.12    350
25.14    348
25.16    355
25.18    372
25.2     382
25.22    374
25.24    341
25.26    355
25.28    364
25.3     362
25.32    392
25.34    373
25.36    370
25.38    362
25.4     356
25.42    374
25.44    357
25.46    350
25.48    341
25.5     372
25.52    384
25.54    385
25.56    404
25.58    397
25.6     379
25.62    389
25.64    363
25.66    358
25.68    358
25.7     395
25.72    382
25.74    407
25.76    375
25.78    380
25.8     382
25.82    330
25.84    376
25.86    355
25.88    382
25.9     345
25.92    367
25.94    350
25.96    363
25.98    372
26.0     364
26.02    408
26.04    360
26.06    359
26.08    399
26.1     343
26.12    369
26.14    382
26.16    378
26.18    396
26.2     351
26.22    393
26.24    377
26.26    386
26.28    371
26.3     388
26.32    363
26.34    390
26.36    394
26.38    378
26.4     373
26.42    399
26.44    366
26.46    389
26.48    374
26.5     374
26.52    335
26.54    353
26.56    394
26.58    369
26.6     398
26.62    391
26.64    341
26.66    384
26.68    356
26.7     351
26.72    401
26.74    373
26.76    391
26.78    363
26.8     385
26.82    355
26.84    395
26.86    423
26.88    373
26.9     354
26.92    391
26.94    399
26.96    373
26.98    398
27.0     414
27.02    342
27.04    406
27.06    384
27.08    365
27.1     370
27.12    395
27.14    396
27.16    406
27.18    419
27.2     439
27.22    383
27.24    426
27.26    387
27.28    393
27.3     386
27.32    351
27.34    360
27.36    371
27.38    359
27.4     367
27.42    382
27.44    387
27.46    362
27.48    373
27.5     372
27.52    387
27.54    410
27.56    364
27.58    363
27.6     376
27.62    361
27.64    368
27.66    368
27.68    357
27.7     363
27.72    403
27.74    396
27.76    367
27.78    404
27.8     357
27.82    388
27.84    366
27.86    394
27.88    366
27.9     356
27.92    380
27.94    368
27.96    371
27.98    322
28.0     379
28.02    367
28.04    383
28.06    382
28.08    394
28.1     351
28.12    421
28.14    410
28.16    366
28.18    391
28.2     322
28.22    348
28.24    346
28.26    376
28.28    365
28.3     379
28.32    377
28.34    417
28.36    402
28.38    396
28.4     422
28.42    397
28.44    372
28.46    383
28.48    410
28.5     458
28.52    389
28.54    421
28.56    427
28.58    429
28.6     423
28.62    397
28.64    418
28.66    386
28.68    391
28.7     424
28.72    441
28.74    392
28.76    370
28.78    404
28.8     378
28.82    382
28.84    346
28.86    360
28.88    421
28.9     427
28.92    361
28.94    394
28.96    361
28.98    381
29.0     356
29.02    410
29.04    371
29.06    409
29.08    420
29.1     384
29.12    404
29.14    431
29.16    437
29.18    402
29.2     418
29.22    408
29.24    455
29.26    480
29.28    449
29.3     464
29.32    508
29.34    429
29.36    438
29.38    472
29.4     463
29.42    408
29.44    494
29.46    371
29.48    442
29.5     422
29.52    397
29.54    367
29.56    346
29.58    359
29.6     367
29.62    358
29.64    372
29.66    413
29.68    367
29.7     403
29.72    379
29.74    381
29.76    396
29.78    393
29.8     411
29.82    389
29.84    360
29.86    399
29.88    376
29.9     390
29.92    395
29.94    368
29.96    390
29.98    358
30.0     380
30.02    444
30.04    415
30.06    459
30.08    482
30.1     474
30.12    568
30.14    620
30.16    651
30.18    743
30.2     696
30.22    554
30.24    515
30.26    505
30.28    444
30.3     414
30.32    379
30.34    367
30.36    380
30.38    424
30.4     402
30.42    378
30.44    357
30.46    369
30.48    365
30.5     359
30.52    366
30.54    370
30.56    375
30.58    365
30.6     356
30.62    390
30.64    388
30.66    349
30.68    384
30.7     375
30.72    395
30.74    373
30.76    385
30.78    378
30.8     391
30.82    361
30.84    384
30.86    385
30.88    366
30.9     330
30.92    388
30.94    396
30.96    377
30.98    371
31.0     395
31.02    400
31.04    397
31.06    401
31.08    370
31.1     370
31.12    373
31.14    364
31.16    363
31.18    342
31.2     376
31.22    372
31.24    363
31.26    379
31.28    418
31.3     354
31.32    405
31.34    371
31.36    390
31.38    343
31.4     390
31.42    380
31.44    375
31.46    391
31.48    407
31.5     368
31.52    365
31.54    383
31.56    356
31.58    372
31.6     381
31.62    367
31.64    383
31.66    358
31.68    311
31.7     372
31.72    374
31.74    366
31.76    361
31.78    395
31.8     401
31.82    410
31.84    402
31.86    403
31.88    377
31.9     433
31.92    441
31.94    479
31.96    505
31.98    507
32.0     570
32.02    533
32.04    526
32.06    479
32.08    420
32.1     380
32.12    400
32.14    360
32.16    390
32.18    360
32.2     348
32.22    351
32.24    380
32.26    365
32.28    368
32.3     365
32.32    380
32.34    407
32.36    366
32.38    372
32.4     393
32.42    382
32.44    389
32.46    405
32.48    350
32.5     357
32.52    360
32.54    359
32.56    390
32.58    369
32.6     348
32.62    383
32.64    363
32.66    378
32.68    376
32.7     363
32.72    414
32.74    407
32.76    390
32.78    370
32.8     376
32.82    381
32.84    388
32.86    401
32.88    386
32.9     392
32.92    409
32.94    371
32.96    344
32.98    389
33.0     371
33.02    399
33.04    408
33.06    403
33.08    386
33.1     369
33.12    364
33.14    376
33.16    359
33.18    347
33.2     346
33.22    346
33.24    370
33.26    385
33.28    409
33.3     401
33.32    378
33.34    393
33.36    375
33.38    390
33.4     439
33.42    396
33.44    365
33.46    393
33.48    360
33.5     358
33.52    370
33.54    390
33.56    374
33.58    385
33.6     369
33.62    392
33.64    375
33.66    378
33.68    362
33.7     355
33.72    349
33.74    370
33.76    389
33.78    401
33.8     387
33.82    400
33.84    350
33.86    373
33.88    340
33.9     397
33.92    369
33.94    359
33.96    394
33.98    380
34.0     385
34.02    428
34.04    411
34.06    401
34.08    388
34.1     396
34.12    402
34.14    372
34.16    375
34.18    386
34.2     371
34.22    390
34.24    341
34.26    434
34.28    400
34.3     367
34.32    382
34.34    444
34.36    392
34.38    392
34.4     403
34.42    367
34.44    386
34.46    387
34.48    364
34.5     429
34.52    391
34.54    391
34.56    382
34.58    348
34.6     400
34.62    387
34.64    403
34.66    387
34.68    357
34.7     396
34.72    389
34.74    370
34.76    388
34.78    437
34.8     379
34.82    374
34.84    395
34.86    416
34.88    380
34.9     351
34.92    418
34.94    385
34.96    387
34.98    359
35.0     387
35.02    367
35.04    384
35.06    397
35.08    400
35.1     384
35.12    424
35.14    411
35.16    407
35.18    352
35.2     386
35.22    395
35.24    414
35.26    383
35.28    416
35.3     397
35.32    429
35.34    396
35.36    449
35.38    439
35.4     497
35.42    553
35.44    623
35.46    744
35.48    999
35.5     1243
35.52    1271
35.54    1267
35.56    1187
35.58    943
35.6     847
35.62    817
35.64    750
35.66    596
35.68    462
35.7     384
35.72    397
35.74    422
35.76    402
35.78    391
35.8     415
35.82    380
35.84    397
35.86    398
35.88    404
35.9     384
35.92    413
35.94    384
35.96    371
35.98    387
36.0     440
36.02    384
36.04    370
36.06    393
36.08    367
36.1     343
36.12    364
36.14    410
36.16    381
36.18    355
36.2     364
36.22    385
36.24    379
36.26    393
36.28    361
36.3     404
36.32    395
36.34    364
36.36    375
36.38    389
36.4     373
36.42    377
36.44    408
36.46    397
36.48    358
36.5     411
36.52    392
36.54    400
36.56    396
36.58    369
36.6     377
36.62    385
36.64    411
36.66    402
36.68    377
36.7     408
36.72    354
36.74    421
36.76    341
36.78    372
36.8     353
36.82    378
36.84    379
36.86    392
36.88    385
36.9     389
36.92    388
36.94    405
36.96    408
36.98    386
37.0     401
37.02    395
37.04    396
37.06    411
37.08    375
37.1     387
37.12    441
37.14    467
37.16    469
37.18    435
37.2     440
37.22    428
37.24    402
37.26    396
37.28    446
37.3     406
37.32    377
37.34    379
37.36    386
37.38    345
37.4     340
37.42    376
37.44    367
37.46    411
37.48    415
37.5     378
37.52    397
37.54    414
37.56    376
37.58    385
37.6     374
37.62    421
37.64    364
37.66    357
37.68    374
37.7     364
37.72    355
37.74    379
37.76    381
37.78    371
37.8     394
37.82    399
37.84    386
37.86    411
37.88    370
37.9     375
37.92    366
37.94    400
37.96    364
37.98    381
38.0     415
38.02    391
38.04    399
38.06    382
38.08    403
38.1     397
38.12    356
38.14    396
38.16    410
38.18    385
38.2     385
38.22    431
38.24    362
38.26    389
38.28    385
38.3     378
38.32    361
38.34    399
38.36    365
38.38    374
38.4     353
38.42    362
38.44    377
38.46    401
38.48    412
38.5     394
38.52    396
38.54    405
38.56    370
38.58    377
38.6     382
38.62    411
38.64    423
38.66    396
38.68    399
38.7     420
38.72    406
38.74    391
38.76    371
38.78    416
38.8     448
38.82    402
38.84    422
38.86    420
38.88    410
38.9     410
38.92    421
38.94    371
38.96    421
38.98    398
39.0     370
39.02    406
39.04    396
39.06    419
39.08    374
39.1     412
39.12    400
39.14    355
39.16    399
39.18    355
39.2     367
39.22    400
39.24    386
39.26    395
39.28    399
39.3     365
39.32    419
39.34    373
39.36    352
39.38    369
39.4     385
39.42    377
39.44    361
39.46    409
39.48    417
39.5     397
39.52    391
39.54    398
39.56    391
39.58    384
39.6     388
39.62    364
39.64    404
39.66    381
39.68    386
39.7     378
39.72    388
39.74    389
39.76    374
39.78    391
39.8     379
39.82    409
39.84    399
39.86    394
39.88    399
39.9     406
39.92    366
39.94    405
39.96    399
39.98    405
40.0     363
40.02    367
40.04    362
40.06    344
40.08    379
40.1     365
40.12    391
40.14    382
40.16    388
40.18    421
40.2     374
40.22    355
40.24    362
40.26    391
40.28    377
40.3     372
40.32    395
40.34    383
40.36    375
40.38    392
40.4     371
40.42    399
40.44    366
40.46    374
40.48    365
40.5     432
40.52    405
40.54    412
40.56    371
40.58    351
40.6     379
40.62    400
40.64    366
40.66    398
40.68    382
40.7     402
40.72    405
40.74    370
40.76    396
40.78    392
40.8     381
40.82    362
40.84    373
40.86    395
40.88    372
40.9     380
40.92    381
40.94    393
40.96    431
40.98    399
41.0     355
41.02    403
41.04    381
41.06    391
41.08    398
41.1     409
41.12    370
41.14    405
41.16    372
41.18    387
41.2     382
41.22    394
41.24    427
41.26    403
41.28    425
41.3     375
41.32    406
41.34    379
41.36    385
41.38    425
41.4     374
41.42    364
41.44    373
41.46    395
41.48    400
41.5     381
41.52    377
41.54    385
41.56    371
41.58    426
41.6     432
41.62    426
41.64    357
41.66    403
41.68    408
41.7     406
41.72    390
41.74    422
41.76    411
41.78    386
41.8     368
41.82    364
41.84    378
41.86    365
41.88    403
41.9     384
41.92    395
41.94    415
41.96    440
41.98    423
42.0     416
42.02    375
42.04    352
42.06    410
42.08    384
42.1     394
42.12    386
42.14    399
42.16    367
42.18    391
42.2     393
42.22    388
42.24    384
42.26    405
42.28    370
42.3     420
42.32    366
42.34    398
42.36    383
42.38    399
42.4     431
42.42    397
42.44    405
42.46    402
42.48    445
42.5     368
42.52    364
42.54    388
42.56    381
42.58    371
42.6     410
42.62    389
42.64    395
42.66    425
42.68    382
42.7     395
42.72    415
42.74    409
42.76    395
42.78    403
42.8     406
42.82    402
42.84    409
42.86    439
42.88    392
42.9     392
42.92    383
42.94    377
42.96    443
42.98    391
43.0     403
43.02    388
43.04    420
43.06    444
43.08    462
43.1     485
43.12    507
43.14    529
43.16    509
43.18    553
43.2     484
43.22    461
43.24    478
43.26    498
43.28    492
43.3     461
43.32    444
43.34    423
43.36    399
43.38    426
43.4     406
43.42    393
43.44    419
43.46    394
43.48    384
43.5     365
43.52    409
43.54    399
43.56    414
43.58    404
43.6     392
43.62    430
43.64    410
43.66    389
43.68    360
43.7     408
43.72    393
43.74    407
43.76    389
43.78    374
43.8     387
43.82    381
43.84    430
43.86    383
43.88    409
43.9     413
43.92    402
43.94    380
43.96    400
43.98    381
44.0     360
44.02    369
44.04    372
44.06    409
44.08    416
44.1     400
44.12    380
44.14    398
44.16    390
44.18    448
44.2     354
44.22    376
44.24    421
44.26    406
44.28    412
44.3     420
44.32    410
44.34    408
44.36    448
44.38    373
44.4     402
44.42    418
44.44    391
44.46    397
44.48    388
44.5     402
44.52    397
44.54    420
44.56    383
44.58    394
44.6     381
44.62    389
44.64    390
44.66    437
44.68    386
44.7     392
44.72    397
44.74    372
44.76    392
44.78    385
44.8     395
44.82    360
44.84    421
44.86    371
44.88    414
44.9     392
44.92    389
44.94    392
44.96    372
44.98    346
45.0     397
45.02    375
45.04    379
45.06    395
45.08    400
45.1     409
45.12    368
45.14    379
45.16    397
45.18    394
45.2     378
45.22    430
45.24    381
45.26    384
45.28    412
45.3     384
45.32    420
45.34    372
45.36    403
45.38    340
45.4     421
45.42    399
45.44    380
45.46    423
45.48    399
45.5     437
45.52    416
45.54    429
45.56    390
45.58    395
45.6     387
45.62    373
45.64    384
45.66    425
45.68    348
45.7     385
45.72    427
45.74    394
45.76    371
45.78    365
45.8     381
45.82    429
45.84    369
45.86    389
45.88    404
45.9     386
45.92    387
45.94    400
45.96    394
45.98    396
46.0     393
46.02    389
46.04    360
46.06    419
46.08    403
46.1     401
46.12    425
46.14    354
46.16    447
46.18    390
46.2     404
46.22    394
46.24    464
46.26    388
46.28    445
46.3     386
46.32    427
46.34    408
46.36    389
46.38    442
46.4     383
46.42    389
46.44    379
46.46    393
46.48    376
46.5     399
46.52    402
46.54    386
46.56    390
46.58    376
46.6     402
46.62    408
46.64    424
46.66    411
46.68    411
46.7     380
46.72    416
46.74    418
46.76    412
46.78    424
46.8     417
46.82    385
46.84    393
46.86    410
46.88    408
46.9     381
46.92    405
46.94    382
46.96    415
46.98    396
47.0     421
47.02    379
47.04    400
47.06    403
47.08    405
47.1     402
47.12    406
47.14    395
47.16    424
47.18    423
47.2     414
47.22    431
47.24    389
47.26    360
47.28    407
47.3     399
47.32    377
47.34    425
47.36    384
47.38    415
47.4     389
47.42    424
47.44    376
47.46    388
47.48    386
47.5     402
47.52    393
47.54    388
47.56    439
47.58    414
47.6     422
47.62    411
47.64    375
47.66    423
47.68    389
47.7     397
47.72    395
47.74    407
47.76    412
47.78    403
47.8     432
47.82    420
47.84    419
47.86    451
47.88    375
47.9     428
47.92    375
47.94    418
47.96    410
47.98    452
48.0     389
48.02    441
48.04    420
48.06    431
48.08    395
48.1     386
48.12    402
48.14    421
48.16    404
48.18    363
48.2     432
48.22    384
48.24    381
48.26    373
48.28    394
48.3     381
48.32    382
48.34    370
48.36    399
48.38    378
48.4     426
48.42    405
48.44    416
48.46    384
48.48    395
48.5     396
48.52    394
48.54    410
48.56    402
48.58    393
48.6     405
48.62    392
48.64    424
48.66    386
48.68    421
48.7     391
48.72    398
48.74    383
48.76    388
48.78    440
48.8     385
48.82    339
48.84    415
48.86    387
48.88    406
48.9     375
48.92    411
48.94    415
48.96    381
48.98    411
49.0     395
49.02    365
49.04    446
49.06    408
49.08    438
49.1     406
49.12    428
49.14    425
49.16    435
49.18    413
49.2     426
49.22    394
49.24    447
49.26    395
49.28    417
49.3     408
49.32    362
49.34    372
49.36    425
49.38    380
49.4     401
49.42    388
49.44    414
49.46    394
49.48    433
49.5     381
49.52    371
49.54    431
49.56    419
49.58    397
49.6     388
49.62    396
49.64    415
49.66    406
49.68    381
49.7     379
49.72    373
49.74    445
49.76    413
49.78    411
49.8     406
49.82    406
49.84    384
49.86    397
49.88    413
49.9     408
49.92    416
49.94    418
49.96    380
49.98    385
50.0     402
50.02    431
50.04    419
50.06    409
50.08    377
50.1     388
50.12    416
50.14    412
50.16    411
50.18    384
50.2     432
50.22    406
50.24    387
50.26    383
50.28    408
50.3     415
50.32    384
50.34    389
50.36    379
50.38    403
50.4     404
50.42    405
50.44    387
50.46    405
50.48    373
50.5     402
50.52    419
50.54    385
50.56    407
50.58    403
50.6     378
50.62    397
50.64    400
50.66    432
50.68    418
50.7     393
50.72    426
50.74    406
50.76    391
50.78    387
50.8     412
50.82    410
50.84    405
50.86    418
50.88    367
50.9     431
50.92    397
50.94    426
50.96    428
50.98    408
51.0     391
51.02    403
51.04    424
51.06    401
51.08    446
51.1     422
51.12    457
51.14    472
51.16    454
51.18    418
51.2     439
51.22    405
51.24    427
51.26    401
51.28    395
51.3     383
51.32    374
51.34    379
51.36    392
51.38    374
51.4     417
51.42    379
51.44    385
51.46    409
51.48    427
51.5     352
51.52    386
51.54    374
51.56    385
51.58    378
51.6     401
51.62    389
51.64    389
51.66    408
51.68    419
51.7     393
51.72    387
51.74    407
51.76    408
51.78    377
51.8     383
51.82    376
51.84    389
51.86    414
51.88    403
51.9     382
51.92    370
51.94    392
51.96    392
51.98    376
52.0     405
52.02    418
52.04    377
52.06    360
52.08    398
52.1     432
52.12    393
52.14    415
52.16    396
52.18    391
52.2     407
52.22    353
52.24    417
52.26    404
52.28    421
52.3     394
52.32    396
52.34    380
52.36    392
52.38    444
52.4     430
52.42    433
52.44    405
52.46    392
52.48    365
52.5     409
52.52    413
52.54    391
52.56    420
52.58    408
52.6     412
52.62    354
52.64    385
52.66    400
52.68    383
52.7     415
52.72    420
52.74    396
52.76    415
52.78    424
52.8     395
52.82    380
52.84    403
52.86    373
52.88    380
52.9     379
52.92    382
52.94    385
52.96    419
52.98    376
53.0     420
53.02    423
53.04    407
53.06    417
53.08    404
53.1     420
53.12    383
53.14    395
53.16    402
53.18    418
53.2     395
53.22    382
53.24    439
53.26    383
53.28    359
53.3     384
53.32    392
53.34    415
53.36    408
53.38    394
53.4     398
53.42    424
53.44    435
53.46    428
53.48    478
53.5     474
53.52    500
53.54    492
53.56    454
53.58    421
53.6     443
53.62    446
53.64    441
53.66    446
53.68    446
53.7     425
53.72    401
53.74    390
53.76    412
53.78    401
53.8     408
53.82    378
53.84    417
53.86    417
53.88    422
53.9     414
53.92    413
53.94    388
53.96    387
53.98    371
54.0     395
54.02    430
54.04    398
54.06    417
54.08    416
54.1     394
54.12    380
54.14    378
54.16    404
54.18    384
54.2     352
54.22    390
54.24    429
54.26    422
54.28    390
54.3     406
54.32    400
54.34    375
54.36    413
54.38    393
54.4     428
54.42    425
54.44    405
54.46    363
54.48    394
54.5     429
54.52    380
54.54    390
54.56    406
54.58    384
54.6     380
54.62    385
54.64    421
54.66    381
54.68    452
54.7     421
54.72    389
54.74    406
54.76    411
54.78    422
54.8     413
54.82    433
54.84    379
54.86    390
54.88    447
54.9     358
54.92    431
54.94    393
54.96    394
54.98    435
55.0     387
55.02    362
55.04    378
55.06    404
55.08    442
55.1     424
55.12    405
55.14    396
55.16    375
55.18    378
55.2     396
55.22    403
55.24    411
55.26    406
55.28    380
55.3     380
55.32    415
55.34    416
55.36    378
55.38    392
55.4     397
55.42    407
55.44    357
55.46    366
55.48    414
55.5     384
55.52    396
55.54    427
55.56    392
55.58    437
55.6     393
55.62    414
55.64    405
55.66    404
55.68    419
55.7     386
55.72    411
55.74    413
55.76    433
55.78    386
55.8     410
55.82    398
55.84    417
55.86    425
55.88    400
55.9     422
55.92    436
55.94    382
55.96    471
55.98    450
56.0     449
56.02    449
56.04    500
56.06    449
56.08    436
56.1     422
56.12    434
56.14    407
56.16    442
56.18    387
56.2     400
56.22    407
56.24    424
56.26    382
56.28    421
56.3     362
56.32    394
56.34    369
56.36    422
56.38    424
56.4     397
56.42    410
56.44    378
56.46    402
56.48    351
56.5     408
56.52    426
56.54    379
56.56    405
56.58    409
56.6     416
56.62    409
56.64    440
56.66    406
56.68    427
56.7     436
56.72    416
56.74    424
56.76    379
56.78    411
56.8     413
56.82    387
56.84    461
56.86    401
56.88    417
56.9     400
56.92    422
56.94    441
56.96    454
56.98    524
57.0     571
57.02    665
57.04    710
57.06    651
57.08    648
57.1     528
57.12    489
57.14    494
57.16    524
57.18    536
57.2     526
57.22    583
57.24    501
57.26    409
57.28    425
57.3     425
57.32    401
57.34    416
57.36    387
57.38    416
57.4     393
57.42    412
57.44    400
57.46    421
57.48    415
57.5     393
57.52    383
57.54    388
57.56    446
57.58    413
57.6     378
57.62    409
57.64    427
57.66    378
57.68    396
57.7     362
57.72    394
57.74    381
57.76    351
57.78    422
57.8     407
57.82    388
57.84    427
57.86    385
57.88    428
57.9     387
57.92    394
57.94    431
57.96    405
57.98    414
58.0     399
58.02    380
58.04    409
58.06    463
58.08    425
58.1     384
58.12    354
58.14    416
58.16    410
58.18    375
58.2     417
58.22    405
58.24    429
58.26    404
58.28    417
58.3     410
58.32    411
58.34    397
58.36    396
58.38    380
58.4     394
58.42    375
58.44    408
58.46    389
58.48    388
58.5     403
58.52    412
58.54    414
58.56    367
58.58    408
58.6     399
58.62    356
58.64    406
58.66    415
58.68    411
58.7     372
58.72    439
58.74    429
58.76    394
58.78    395
58.8     406
58.82    429
58.84    379
58.86    404
58.88    455
58.9     375
58.92    397
58.94    419
58.96    428
58.98    405
59.0     412
59.02    397
59.04    405
59.06    385
59.08    393
59.1     413
59.12    391
59.14    369
59.16    366
59.18    410
59.2     406
59.22    411
59.24    398
59.26    437
59.28    399
59.3     401
59.32    394
59.34    401
59.36    436
59.38    406
59.4     372
59.42    398
59.44    384
59.46    419
59.48    399
59.5     428
59.52    396
59.54    407
59.56    412
59.58    414
59.6     374
59.62    415
59.64    433
59.66    386
59.68    452
59.7     437
59.72    392
59.74    426
59.76    423
59.78    412
59.8     394
59.82    407
59.84    382
59.86    434
59.88    411
59.9     412
59.92    407
59.94    370
59.96    413
59.98    422
60.0     369
60.02    398
60.04    394
60.06    374
60.08    453
60.1     424
60.12    434
60.14    393
60.16    416
60.18    440
60.2     433
60.22    421
60.24    435
60.26    381
60.28    427
60.3     432
60.32    405
60.34    443
60.36    392
60.38    373
60.4     421
60.42    356
60.44    396
60.46    414
60.48    420
60.5     382
60.52    427
60.54    420
60.56    369
60.58    403
60.6     408
60.62    429
60.64    380
60.66    378
60.68    429
60.7     407
60.72    411
60.74    382
60.76    427
60.78    414
60.8     423
60.82    421
60.84    395
60.86    408
60.88    448
60.9     393
60.92    396
60.94    404
60.96    427
60.98    387
61.0     402
61.02    405
61.04    399
61.06    427
61.08    421
61.1     417
61.12    376
61.14    374
61.16    408
61.18    435
61.2     390
61.22    368
61.24    391
61.26    409
61.28    405
61.3     423
61.32    386
61.34    383
61.36    411
61.38    402
61.4     421
61.42    433
61.44    388
61.46    414
61.48    401
61.5     407
61.52    386
61.54    418
61.56    394
61.58    395
61.6     384
61.62    402
61.64    424
61.66    400
61.68    407
61.7     440
61.72    390
61.74    385
61.76    430
61.78    389
61.8     393
61.82    398
61.84    424
61.86    375
61.88    398
61.9     401
61.92    428
61.94    424
61.96    421
61.98    420
62.0     382
62.02    413
62.04    408
62.06    416
62.08    426
62.1     405
62.12    399
62.14    416
62.16    432
62.18    428
62.2     394
62.22    421
62.24    445
62.26    379
62.28    421
62.3     422
62.32    411
62.34    432
62.36    425
62.38    455
62.4     423
62.42    434
62.44    443
62.46    423
62.48    461
62.5     457
62.52    441
62.54    515
62.56    462
62.58    603
62.6     700
62.62    660
62.64    778
62.66    749
62.68    646
62.7     522
62.72    530
62.74    504
62.76    516
62.78    572
62.8     582
62.82    565
62.84    566
62.86    514
62.88    451
62.9     424
62.92    418
62.94    454
62.96    426
62.98    433
63.0     413
63.02    391
63.04    443
63.06    468
63.08    422
63.1     425
63.12    359
63.14    423
63.16    420
63.18    412
63.2     402
63.22    386
63.24    444
63.26    414
63.28    398
63.3     390
63.32    396
63.34    385
63.36    423
63.38    421
63.4     388
63.42    423
63.44    382
63.46    403
63.48    419
63.5     398
63.52    412
63.54    422
63.56    400
63.58    368
63.6     431
63.62    398
63.64    454
63.66    442
63.68    402
63.7     395
63.72    416
63.74    435
63.76    387
63.78    410
63.8     404
63.82    405
63.84    428
63.86    429
63.88    406
63.9     378
63.92    410
63.94    464
63.96    434
63.98    393
64.0     427
64.02    434
64.04    422
64.06    408
64.08    411
64.1     405
64.12    358
64.14    407
64.16    422
64.18    442
64.2     425
64.22    437
64.24    403
64.26    385
64.28    420
64.3     415
64.32    408
64.34    417
64.36    416
64.38    405
64.4     416
64.42    414
64.44    404
64.46    398
64.48    421
64.5     441
64.52    420
64.54    432
64.56    406
64.58    410
64.6     401
64.62    406
64.64    357
64.66    376
64.68    399
64.7     431
64.72    391
64.74    442
64.76    404
64.78    417
64.8     382
64.82    440
64.84    406
64.86    412
64.88    404
64.9     411
64.92    455
64.94    425
64.96    422
64.98    420
65.0     446
65.02    389
65.04    417
65.06    415
65.08    413
65.1     405
65.12    436
65.14    408
65.16    402
65.18    377
65.2     375
65.22    435
65.24    418
65.26    369
65.28    409
65.3     442
65.32    381
65.34    413
65.36    389
65.38    397
65.4     402
65.42    424
65.44    418
65.46    440
65.48    415
65.5     382
65.52    444
65.54    408
65.56    378
65.58    369
65.6     422
65.62    429
65.64    371
65.66    435
65.68    412
65.7     457
65.72    409
65.74    395
65.76    420
65.78    428
65.8     397
65.82    412
65.84    417
65.86    421
65.88    410
65.9     440
65.92    433
65.94    424
65.96    421
65.98    419
66.0     453
66.02    440
66.04    404
66.06    397
66.08    398
66.1     414
66.12    417
66.14    387
66.16    413
66.18    412
66.2     418
66.22    429
66.24    442
66.26    430
66.28    413
66.3     400
66.32    392
66.34    419
66.36    422
66.38    439
66.4     427
66.42    374
66.44    402
66.46    399
66.48    430
66.5     403
66.52    396
66.54    437
66.56    432
66.58    403
66.6     423
66.62    428
66.64    395
66.66    411
66.68    449
66.7     421
66.72    415
66.74    404
66.76    389
66.78    433
66.8     393
66.82    371
66.84    415
66.86    388
66.88    415
66.9     444
66.92    405
66.94    427
66.96    431
66.98    409
67.0     382
67.02    415
67.04    402
67.06    426
67.08    373
67.1     394
67.12    452
67.14    431
67.16    409
67.18    454
67.2     426
67.22    399
67.24    409
67.26    411
67.28    414
67.3     461
67.32    443
67.34    421
67.36    433
67.38    377
67.4     398
67.42    401
67.44    434
67.46    472
67.48    447
67.5     382
67.52    406
67.54    415
67.56    392
67.58    444
67.6     413
67.62    427
67.64    410
67.66    379
67.68    394
67.7     405
67.72    425
67.74    397
67.76    403
67.78    424
67.8     406
67.82    374
67.84    390
67.86    406
67.88    415
67.9     402
67.92    428
67.94    422
67.96    411
67.98    402
68.0     388
68.02    387
68.04    407
68.06    408
68.08    444
68.1     407
68.12    397
68.14    417
68.16    395
68.18    405
68.2     395
68.22    397
68.24    399
68.26    423
68.28    407
68.3     439
68.32    402
68.34    394
68.36    448
68.38    397
68.4     402
68.42    438
68.44    400
68.46    429
68.48    398
68.5     415
68.52    415
68.54    450
68.56    429
68.58    426
68.6     430
68.62    416
68.64    432
68.66    459
68.68    422
68.7     442
68.72    385
68.74    443
68.76    398
68.78    425
68.8     421
68.82    389
68.84    414
68.86    375
68.88    388
68.9     432
68.92    412
68.94    418
68.96    402
68.98    417
69.0     385
69.02    418
69.04    464
69.06    436
69.08    418
69.1     391
69.12    400
69.14    414
69.16    392
69.18    418
69.2     409
69.22    432
69.24    403
69.26    425
69.28    431
69.3     436
69.32    369
69.34    382
69.36    434
69.38    445
69.4     427
69.42    417
69.44    388
69.46    435
69.48    397
69.5     418
69.52    460
69.54    417
69.56    456
69.58    394
69.6     429
69.62    425
69.64    406
69.66    413
69.68    412
69.7     420
69.72    431
69.74    417
69.76    472
69.78    438
69.8     391
69.82    430
69.84    413
69.86    449
69.88    425
69.9     404
69.92    431
69.94    426
69.96    402
69.98    411
70.0     396
70.02    418
70.04    410
70.06    405
70.08    416
70.1     409
70.12    373
70.14    422
70.16    429
70.18    400
70.2     443
70.22    413
70.24    433
70.26    401
70.28    396
70.3     364
70.32    425
70.34    423
70.36    448
70.38    393
70.4     410
70.42    414
70.44    443
70.46    415
70.48    416
70.5     407
70.52    425
70.54    429
70.56    426
70.58    410
70.6     396
70.62    413
70.64    404
70.66    407
70.68    418
70.7     441
70.72    411
70.74    441
70.76    439
70.78    398
70.8     479
70.82    417
70.84    425
70.86    423
70.88    445
70.9     415
70.92    434
70.94    423
70.96    447
70.98    408
71.0     435
71.02    443
71.04    430
71.06    452
71.08    462
71.1     448
71.12    427
71.14    432
71.16    389
71.18    408
71.2     433
71.22    395
71.24    416
71.26    400
71.28    443
71.3     435
71.32    407
71.34    395
71.36    419
71.38    450
71.4     419
71.42    425
71.44    380
71.46    389
71.48    423
71.5     389
71.52    432
71.54    408
71.56    410
71.58    434
71.6     438
71.62    430
71.64    383
71.66    427
71.68    453
71.7     413
71.72    426
71.74    386
71.76    432
71.78    397
71.8     414
71.82    408
71.84    430
71.86    394
71.88    402
71.9     392
71.92    416
71.93    411
71.96    404
71.98    423
72.0     430
72.02    443
72.04    433
72.06    426
72.08    406
72.1     420
72.12    445
72.14    450
72.16    397
72.18    452
72.2     419
72.22    474
72.24    460
72.26    439
72.28    471
72.3     385
72.32    430
72.34    416
72.36    453
72.38    398
72.4     454
72.42    421
72.43    407
72.46    395
72.48    449
72.5     441
72.52    412
72.54    406
72.56    462
72.58    447
72.6     399
72.62    427
72.64    398
72.66    429
72.68    450
72.7     437
72.72    428
72.74    416
72.76    403
72.78    424
72.8     399
72.82    415
72.84    413
72.86    420
72.88    397
72.9     415
72.92    422
72.93    416
72.96    445
72.98    450
73.0     398
73.02    448
73.04    421
73.06    380
73.08    363
73.1     410
73.12    412
73.14    413
73.16    443
73.18    404
73.2     451
73.22    405
73.24    435
73.26    440
73.28    442
73.3     439
73.32    414
73.34    401
73.36    437
73.38    416
73.4     416
73.42    403
73.43    422
73.46    401
73.48    404
73.5     453
73.52    398
73.54    420
73.56    394
73.58    425
73.6     493
73.62    447
73.64    423
73.66    446
73.68    451
73.7     416
73.72    419
73.74    425
73.76    427
73.78    429
73.8     422
73.82    410
73.84    449
73.86    443
73.88    386
73.9     424
73.92    429
73.93    459
73.96    412
73.98    452
74.0     463
74.02    460
74.04    463
74.06    449
74.08    502
74.1     498
74.12    478
74.14    463
74.16    434
74.18    428
74.2     443
74.22    423
74.24    424
74.26    460
74.28    476
74.3     422
74.32    455
74.34    461
74.36    487
74.38    438
74.4     424
74.42    383
74.43    419
74.46    408
74.48    434
74.5     392
74.52    424
74.54    418
74.56    408
74.58    466
74.6     456
74.62    438
74.64    409
74.66    410
74.68    453
74.7     407
74.72    406
74.74    410
74.76    418
74.78    397
74.8     406
74.82    434
74.84    396
74.86    457
74.88    430
74.9     405
74.92    462
74.93    413
74.96    429
74.98    406
75.0     418
75.02    421
75.04    444
75.06    467
75.08    420
75.1     451
75.12    441
75.14    445
75.16    425
75.18    455
75.2     420
75.22    408
75.24    397
75.26    420
75.28    458
75.3     450
75.32    431
75.34    428
75.36    424
75.38    412
75.4     446
75.42    402
75.43    444
75.46    418
75.48    451
75.5     434
75.52    436
75.54    419
75.56    403
75.58    428
75.6     424
75.62    444
75.64    439
75.66    393
75.68    415
75.7     393
75.72    392
75.74    419
75.76    421
75.78    401
75.8     443
75.82    402
75.84    418
75.86    414
75.88    410
75.9     461
75.92    401
75.93    401
75.96    385
75.98    418
76.0     424
76.02    423
76.04    402
76.06    394
76.08    411
76.1     414
76.12    435
76.14    416
76.16    408
76.18    418
76.2     399
76.22    431
76.24    430
76.26    420
76.28    429
76.3     455
76.32    446
76.34    415
76.36    428
76.38    425
76.4     413
76.42    444
76.43    434
76.46    414
76.48    436
76.5     472
76.52    418
76.54    441
76.56    404
76.58    417
76.6     417
76.62    464
76.64    402
76.66    463
76.68    462
76.7     455
76.72    410
76.74    434
76.76    396
76.78    373
76.8     397
76.82    447
76.84    450
76.86    458
76.88    434
76.9     442
76.92    414
76.93    408
76.96    373
76.98    410
77.0     412
77.02    459
77.04    400
77.06    425
77.08    413
77.1     440
77.12    406
77.14    408
77.16    433
77.18    392
77.2     406
77.22    421
77.24    459
77.26    447
77.28    475
77.3     413
77.32    432
77.34    428
77.36    410
77.38    445
77.4     465
77.42    422
77.43    417
77.46    417
77.48    461
77.5     434
77.52    404
77.54    425
77.56    436
77.58    428
77.6     443
77.62    421
77.64    451
77.66    416
77.68    420
77.7     437
77.72    418
77.74    419
77.76    424
77.78    479
77.8     425
77.82    410
77.84    425
77.86    403
77.88    423
77.9     435
77.92    434
77.93    455
77.96    445
77.98    397
78.0     427
78.02    439
78.04    423
78.06    427
78.08    410
78.1     451
78.12    389
78.14    441
78.16    435
78.18    406
78.2     423
78.22    437
78.24    424
78.26    396
78.28    415
78.3     426
78.32    449
78.34    395
78.36    397
78.38    429
78.4     413
78.42    404
78.43    408
78.46    383
78.48    384
78.5     435
78.52    421
78.54    459
78.56    415
78.58    442
78.6     418
78.62    414
78.64    405
78.66    462
78.68    436
78.7     448
78.72    401
78.74    419
78.76    464
78.78    459
78.8     418
78.82    449
78.84    403
78.86    415
78.88    451
78.9     372
78.92    425
78.93    458
78.96    412
78.98    421
79.0     424
79.02    419
79.04    451
79.06    437
79.08    450
79.1     428
79.12    409
79.14    409
79.16    434
79.18    488
79.2     449
79.22    465
79.24    448
79.26    459
79.28    435
79.3     450
79.32    429
79.34    424
79.36    444
79.38    464
79.4     435
79.42    436
79.43    427
79.46    398
79.48    417
79.5     443
79.52    445
79.54    429
79.56    429
79.58    427
79.6     419
79.62    444
79.64    423
79.66    425
79.68    420
79.7     441
79.72    432
79.74    434
79.76    422
79.78    428
79.8     463
79.82    415
79.84    439
79.86    454
79.88    450
79.9     431
79.92    452
79.93    442
79.96    413
79.98    414
80.0     454
