10.0     194
10.02    201
10.04    196
10.06    209
10.08    184
10.1     169
10.12    192
10.14    161
10.16    198
10.18    191
10.2     212
10.22    177
10.24    193
10.26    194
10.28    181
10.3     207
10.32    210
10.34    217
10.36    176
10.38    177
10.4     209
10.42    213
10.44    205
10.46    214
10.48    237
10.5     192
10.52    203
10.54    200
10.56    195
10.58    182
10.6     193
10.62    202
10.64    232
10.66    196
10.68    196
10.7     195
10.72    221
10.74    195
10.76    202
10.78    206
10.8     210
10.82    186
10.84    240
10.86    204
10.88    212
10.9     224
10.92    186
10.94    224
10.96    189
10.98    215
11.0     211
11.02    201
11.04    205
11.06    225
11.08    222
11.1     194
11.12    227
11.14    210
11.16    211
11.18    222
11.2     205
11.22    197
11.24    185
11.26    224
11.28    215
11.3     209
11.32    205
11.34    201
11.36    220
11.38    214
11.4     217
11.42    214
11.44    212
11.46    200
11.48    231
11.5     216
11.52    250
11.54    203
11.56    206
11.58    194
11.6     216
11.62    212
11.64    243
11.66    225
11.68    226
11.7     226
11.72    214
11.74    204
11.76    200
11.78    193
11.8     232
11.82    235
11.84    225
11.86    224
11.88    207
11.9     242
11.92    216
11.94    241
11.96    206
11.98    219
12.0     212
12.02    249
12.04    228
12.06    197
12.08    213
12.1     223
12.12    232
12.14    208
12.16    236
12.18    243
12.2     228
12.22    221
12.24    231
12.26    231
12.28    227
12.3     232
12.32    210
12.34    207
12.36    232
12.38    232
12.4     200
12.42    223
12.44    216
12.46    237
12.48    234
12.5     214
12.52    211
12.54    252
12.56    268
12.58    259
12.6     197
12.62    249
12.64    237
12.66    245
12.68    224
12.7     228
12.72    255
12.74    220
12.76    220
12.78    224
12.8     243
12.82    257
12.84    240
12.86    250
12.88    246
12.9     236
12.92    217
12.94    215
12.96    223
12.98    250
13.0     231
13.02    234
13.04    258
13.06    229
13.08    255
13.1     215
13.12    237
13.14    235
13.16    246
13.18    224
13.2     221
13.22    269
13.24    257
13.26    249
13.28    256
13.3     217
13.32    233
13.34    241
13.36    264
13.38    243
13.4     247
13.42    257
13.44    259
13.46    229
13.48    257
13.5     266
13.52    269
13.54    262
13.56    243
13.58    267
13.6     256
13.62    238
13.64    243
13.66    241
13.68    264
13.7     257
13.72    253
13.74    244
13.76    247
13.78    234
13.8     231
13.82    260
13.84    275
13.86    246
13.88    270
13.9     225
13.92    262
13.94    233
13.96    229
13.98    263
14.0     267
14.02    267
14.04    256
14.06    261
14.08    249
14.1     235
14.12    261
14.14    263
14.16    272
14.18    280
14.2     265
14.22    241
14.24    262
14.26    259
14.28    282
14.3     259
14.32    253
14.34    285
14.36    268
14.38    259
14.4     265
14.42    267
14.44    275
14.46    258
14.48    242
14.5     260
14.52    260
14.54    282
14.56    270
14.58    238
14.6     275
14.62    247
14.64    247
14.66    247
14.68    287
14.7     241
14.72    252
14.74    240
14.76    266
14.78    260
14.8     235
14.82    264
14.84    262
14.86    283
14.88    235
14.9     297
14.92    260
14.94    267
14.96    271
14.98    279
15.0     274
15.02    278
15.04    289
15.06    271
15.08    275
15.1     285
15.12    300
15.14    282
15.16    275
15.18    271
15.2     283
15.22    263
15.24    270
15.26    238
15.28    288
15.3     286
15.32    278
15.34    282
15.36    286
15.38    268
15.4     257
15.42    268
15.44    292
15.46    272
15.48    270
15.5     272
15.52    260
15.54    280
15.56    266
15.58    265
15.6     254
15.62    286
15.64    287
15.66    293
15.68    275
15.7     285
15.72    279
15.74    315
15.76    280
15.78    243
15.8     272
15.82    296
15.84    290
15.86    287
15.88    255
15.9     273
15.92    283
15.94    309
15.96    279
15.98    311
16.0     296
16.02    281
16.04    276
16.06    284
16.08    300
16.1     284
16.12    325
16.14    285
16.16    283
16.18    295
16.2     291
16.22    307
16.24    323
16.26    310
16.28    309
16.3     281
16.32    271
16.34    314
16.36    299
16.38    258
16.4     320
16.42    262
16.44    288
16.46    324
16.48    310
16.5     290
16.52    334
16.54    302
16.56    283
16.58    309
16.6     294
16.62    298
16.64    294
16.66    319
16.68    299
16.7     303
16.72    284
16.74    295
16.76    303
16.78    265
16.8     308
16.82    298
16.84    305
16.86    304
16.88    309
16.9     332
16.92    335
16.94    306
16.96    317
16.98    296
17.0     311
17.02    301
17.04    333
17.06    345
17.08    297
17.1     297
17.12    316
17.14    309
17.16    314
17.18    314
17.2     306
17.22    309
17.24    320
17.26    316
17.28    304
17.3     325
17.32    330
17.34    316
17.36    296
17.38    324
17.4     333
17.42    322
17.44    335
17.46    339
17.48    297
17.5     304
17.52    308
17.54    313
17.56    314
17.58    315
17.6     335
17.62    310
17.64    340
17.66    321
17.68    305
17.7     300
17.72    339
17.74    328
17.76    281
17.78    310
17.8     334
17.82    312
17.84    303
17.86    342
17.88    313
17.9     336
17.92    336
17.94    342
17.96    347
17.98    354
18.0     392
18.02    332
18.04    355
18.06    375
18.08    354
18.1     381
18.12    332
18.14    357
18.16    332
18.18    326
18.2     332
18.22    312
18.24    337
18.26    317
18.28    332
18.3     348
18.32    284
18.34    358
18.36    311
18.38    324
18.4     307
18.42    312
18.44    307
18.46    316
18.48    364
18.5     366
18.52    312
18.54    320
18.56    308
18.58    321
18.6     365
18.62    331
18.64    343
18.66    315
18.68    339
18.7     348
18.72    351
18.74    344
18.76    326
18.78    341
18.8     340
18.82    361
18.84    358
18.86    313
18.88    359
18.9     306
18.92    355
18.94    320
18.96    364
18.98    324
19.0     334
19.02    361
19.04    312
19.06    340
19.08    340
19.1     347
19.12    326
19.14    345
19.16    340
19.18    333
19.2     320
19.22    335
19.24    340
19.26    354
19.28    326
19.3     371
19.32    324
19.34    326
19.36    318
19.38    341
19.4     338
19.42    342
19.44    371
19.46    336
19.48    319
19.5     333
19.52    369
19.54    346
19.56    335
19.58    328
19.6     327
19.62    321
19.64    332
19.66    371
19.68    361
19.7     359
19.72    354
19.74    367
19.76    366
19.78    350
19.8     337
19.82    351
19.84    350
19.86    367
19.88    370
19.9     369
19.92    361
19.94    383
19.96    384
19.98    345
20.0     357
20.02    393
20.04    351
20.06    339
20.08    387
20.1     357
20.12    388
20.14    345
20.16    397
20.18    358
20.2     357
20.22    362
20.24    350
20.26    400
20.28    348
20.3     358
20.32    369
20.34    355
20.36    375
20.38    372
20.4     385
20.42    359
20.44    333
20.46    338
20.48    377
20.5     340
20.52    379
20.54    377
20.56    391
20.58    372
20.6     398
20.62    362
20.64    350
20.66    364
20.68    389
20.7     385
20.72    360
20.74    370
20.76    362
20.78    368
20.8     374
20.82    393
20.84    383
20.86    374
20.88    382
20.9     389
20.92    348
20.94    364
20.96    386
20.98    404
21.0     365
21.02    378
21.04    366
21.06    389
21.08    409
21.1     358
21.12    378
21.14    379
21.16    381
21.18    348
21.2     359
21.22    388
21.24    402
21.26    397
21.28    374
21.3     392
21.32    378
21.34    425
21.36    393
21.38    349
21.4     337
21.42    414
21.44    372
21.46    398
21.48    369
21.5     419
21.52    394
21.54    389
21.56    366
21.58    392
21.6     393
21.62    386
21.64    390
21.66    371
21.68    390
21.7     397
21.72    402
21.74    425
21.76    380
21.78    383
21.8     409
21.82    403
21.84    386
21.86    377
21.88    418
21.9     379
21.92    409
21.94    395
21.96    417
21.98    361
22.0     375
22.02    430
22.04    401
22.06    380
22.08    418
22.1     376
22.12    411
22.14    383
22.16    398
22.18    410
22.2     384
22.22    408
22.24    382
22.26    407
22.28    414
22.3     383
22.32    436
22.34    393
22.36    410
22.38    385
22.4     383
22.42    413
22.44    397
22.46    396
22.48    406
22.5     377
22.52    405
22.54    420
22.56    389
22.58    403
22.6     430
22.62    419
22.64    400
22.66    389
22.68    411
22.7     387
22.72    382
22.74    449
22.76    404
22.78    407
22.8     404
22.82    450
22.84    396
22.86    432
22.88    402
22.9     382
22.92    374
22.94    411
22.96    398
22.98    396
23.0     426
23.02    406
23.04    393
23.06    418
23.08    439
23.1     406
23.12    401
23.14    415
23.16    405
23.18    410
23.2     413
23.22    422
23.24    398
23.26    391
23.28    399
23.3     425
23.32    395
23.34    426
23.36    410
23.38    426
23.4     415
23.42    428
23.44    418
23.46    413
23.48    436
23.5     429
23.52    446
23.54    382
23.56    453
23.58    416
23.6     429
23.62    380
23.64    447
23.66    406
23.68    426
23.7     425
23.72    445
23.74    390
23.76    427
23.78    441
23.8     430
23.82    431
23.84    415
23.86    437
23.88    376
23.9     431
23.92    447
23.94    397
23.96    438
23.98    422
24.0     417
24.02    444
24.04    421
24.06    410
24.08    442
24.1     471
24.12    483
24.14    413
24.16    408
24.18    400
24.2     433
24.22    420
24.24    420
24.26    441
24.28    438
24.3     449
24.32    443
24.34    458
24.36    438
24.38    444
24.4     418
24.42    423
24.44    419
24.46    415
24.48    439
24.5     454
24.52    456
24.54    419
24.56    437
24.58    441
24.6     457
24.62    413
24.64    473
24.66    423
24.68    439
24.7     465
24.72    416
24.74    441
24.76    447
24.78    442
24.8     445
24.82    462
24.84    437
24.86    445
24.88    485
24.9     454
24.92    427
24.94    412
24.96    448
24.98    444
25.0     479
25.02    492
25.04    450
25.06    459
25.08    485
25.1     400
25.12    438
25.14    455
25.16    466
25.18    463
25.2     417
25.22    429
25.24    493
25.26    444
25.28    439
25.3     488
25.32    418
25.34    464
25.36    426
25.38    491
25.4     448
25.42    450
25.44    459
25.46    458
25.48    458
25.5     457
25.52    445
25.54    458
25.56    512
25.58    473
25.6     436
25.62    456
25.64    487
25.66    468
25.68    488
25.7     472
25.72    411
25.74    470
25.76    471
25.78    392
25.8     480
25.82    445
25.84    496
25.86    451
25.88    503
25.9     457
25.92    449
25.94    461
25.96    471
25.98    511
26.0     440
26.02    470
26.04    431
26.06    464
26.08    470
26.1     458
26.12    439
26.14    462
26.16    484
26.18    452
26.2     421
26.22    467
26.24    437
26.26    481
26.28    438
26.3     452
26.32    472
26.34    470
26.36    510
26.38    466
26.4     469
26.42    457
26.44    493
26.46    467
26.48    496
26.5     446
26.52    439
26.54    534
26.56    470
26.58    486
26.6     466
26.62    427
26.64    497
26.66    477
26.68    460
26.7     473
26.72    470
26.74    497
26.76    481
26.78    510
26.8     490
26.82    548
26.84    501
26.86    555
26.88    504
26.9     546
26.92    538
26.94    506
26.96    500
26.98    488
27.0     478
27.02    471
27.04    497
27.06    489
27.08    463
27.1     498
27.12    503
27.14    468
27.16    476
27.18    527
27.2     484
27.22    479
27.24    490
27.26    486
27.28    485
27.3     469
27.32    515
27.34    521
27.36    439
27.38    491
27.4     482
27.42    475
27.44    524
27.46    527
27.48    494
27.5     496
27.52    476
27.54    499
27.56    453
27.58    516
27.6     497
27.62    497
27.64    488
27.66    529
27.68    460
27.7     514
27.72    465
27.74    488
27.76    513
27.78    492
27.8     490
27.82    521
27.84    492
27.86    456
27.88    517
27.9     480
27.92    494
27.94    529
27.96    507
27.98    516
28.0     521
28.02    518
28.04    502
28.06    465
28.08    504
28.1     481
28.12    487
28.14    528
28.16    473
28.18    485
28.2     502
28.22    550
28.24    525
28.26    460
28.28    517
28.3     544
28.32    532
28.34    521
28.36    465
28.38    543
28.4     546
28.42    478
28.44    462
28.46    502
28.48    496
28.5     500
28.52    504
28.54    492
28.56    515
28.58    533
28.6     534
28.62    531
28.64    521
28.66    484
28.68    526
28.7     497
28.72    510
28.74    495
28.76    515
28.78    534
28.8     518
28.82    549
28.84    557
28.86    518
28.88    499
28.9     512
28.92    515
28.94    543
28.96    506
28.98    511
29.0     521
29.02    535
29.04    496
29.06    511
29.08    501
29.1     510
29.12    514
29.14    497
29.16    507
29.18    522
29.2     532
29.22    531
29.24    523
29.26    524
29.28    534
29.3     524
29.32    501
29.34    548
29.36    525
29.38    517
29.4     561
29.42    469
29.44    547
29.46    513
29.48    530
29.5     532
29.52    533
29.54    497
29.56    537
29.58    566
29.6     594
29.62    562
29.64    528
29.66    567
29.68    576
29.7     614
29.72    590
29.74    611
29.76    679
29.78    738
29.8     776
29.82    803
29.84    842
29.86    796
29.88    844
29.9     723
29.92    756
29.94    654
29.96    632
29.98    598
30.0     564
30.02    577
30.04    526
30.06    571
30.08    579
30.1     533
30.12    552
30.14    513
30.16    539
30.18    525
30.2     534
30.22    568
30.24    556
30.26    595
30.28    514
30.3     534
30.32    566
30.34    533
30.36    516
30.38    606
30.4     553
30.42    543
30.44    535
30.46    547
30.48    531
30.5     578
30.52    523
30.54    499
30.56    529
30.58    563
30.6     620
30.62    575
30.64    533
30.66    543
30.68    567
30.7     526
30.72    505
30.74    527
30.76    548
30.78    584
30.8     543
30.82    532
30.84    513
30.86    540
30.88    547
30.9     544
30.92    543
30.94    537
30.96    566
30.98    533
31.0     556
31.02    526
31.04    552
31.06    589
31.08    539
31.1     563
31.12    564
31.14    540
31.16    544
31.18    566
31.2     562
31.22    582
31.24    581
31.26    553
31.28    570
31.3     571
31.32    516
31.34    591
31.36    522
31.38    566
31.4     546
31.42    607
31.44    597
31.46    580
31.48    613
31.5     581
31.52    607
31.54    556
31.56    595
31.58    655
31.6     665
31.62    674
31.64    696
31.66    721
31.68    700
31.7     718
31.72    654
31.74    698
31.76    623
31.78    603
31.8     557
31.82    594
31.84    555
31.86    623
31.88    552
31.9     610
31.92    626
31.94    556
31.96    560
31.98    595
32.0     561
32.02    591
32.04    543
32.06    575
32.08    601
32.1     534
32.12    577
32.14    586
32.16    612
32.18    603
32.2     594
32.22    615
32.24    586
32.26    626
32.28    604
32.3     588
32.32    585
32.34    590
32.36    607
32.38    586
32.4     545
32.42    610
32.44    620
32.46    595
32.48    555
32.5     618
32.52    583
32.54    546
32.56    558
32.58    541
32.6     591
32.62    600
32.64    585
32.66    591
32.68    618
32.7     590
32.72    609
32.74    629
32.76    560
32.78    599
32.8     582
32.82    519
32.84    586
32.86    569
32.88    582
32.9     572
32.92    570
32.94    570
32.96    626
32.98    612
33.0     615
33.02    641
33.04    601
33.06    591
33.08    664
33.1     594
33.12    612
33.14    620
33.16    616
33.18    658
33.2     608
33.22    588
33.24    580
33.26    588
33.28    584
33.3     665
33.32    603
33.34    581
33.36    549
33.38    616
33.4     609
33.42    584
33.44    599
33.46    614
33.48    585
33.5     600
33.52    566
33.54    623
33.56    621
33.58    611
33.6     562
33.62    613
33.64    580
33.66    633
33.68    657
33.7     556
33.72    594
33.74    585
33.76    578
33.78    586
33.8     613
33.82    617
33.84    596
33.86    606
33.88    614
33.9     536
33.92    638
33.94    617
33.96    617
33.98    602
34.0     602
34.02    618
34.04    610
34.06    600
34.08    609
34.1     609
34.12    613
34.14    596
34.16    618
34.18    610
34.2     596
34.22    623
34.24    571
34.26    601
34.28    600
34.3     626
34.32    623
34.34    634
34.36    616
34.38    601
34.4     588
34.42    584
34.44    616
34.46    605
34.48    617
34.5     644
34.52    658
34.54    638
34.56    612
34.58    578
34.6     598
34.62    621
34.64    624
34.66    588
34.68    608
34.7     591
34.72    605
34.74    636
34.76    614
34.78    662
34.8     635
34.82    653
34.84    625
34.86    601
34.88    658
34.9     663
34.92    645
34.94    659
34.96    643
34.98    631
35.0     663
35.02    648
35.04    777
35.06    774
35.08    907
35.1     1000
35.12    1096
35.14    1219
35.16    1329
35.18    1471
35.2     1484
35.22    1499
35.24    1468
35.26    1316
35.28    1240
35.3     1017
35.32    936
35.34    923
35.36    805
35.38    722
35.4     693
35.42    639
35.44    611
35.46    650
35.48    661
35.5     648
35.52    631
35.54    627
35.56    687
35.58    642
35.6     658
35.62    639
35.64    683
35.66    669
35.68    681
35.7     645
35.72    609
35.74    617
35.76    623
35.78    633
35.8     603
35.82    600
35.84    655
35.86    652
35.88    649
35.9     635
35.92    593
35.94    647
35.96    636
35.98    576
36.0     639
36.02    649
36.04    619
36.06    624
36.08    661
36.1     636
36.12    646
36.14    648
36.16    654
36.18    624
36.2     607
36.22    659
36.24    664
36.26    638
36.28    648
36.3     679
36.32    617
36.34    625
36.36    648
36.38    625
36.4     636
36.42    629
36.44    657
36.46    623
36.48    686
36.5     662
36.52    712
36.54    640
36.56    698
36.58    656
36.6     654
36.62    718
36.64    649
36.66    708
36.68    667
36.7     667
36.72    678
36.74    650
36.76    731
36.78    751
36.8     690
36.82    787
36.84    719
36.86    765
36.88    758
36.9     812
36.92    764
36.94    692
36.96    687
36.98    681
37.0     665
37.02    652
37.04    693
37.06    627
37.08    621
37.1     657
37.12    701
37.14    663
37.16    627
37.18    624
37.2     655
37.22    616
37.24    660
37.26    638
37.28    662
37.3     640
37.32    648
37.34    646
37.36    608
37.38    654
37.4     660
37.42    645
37.44    645
37.46    637
37.48    642
37.5     676
37.52    667
37.54    690
37.56    682
37.58    659
37.6     664
37.62    671
37.64    630
37.66    660
37.68    625
37.7     705
37.72    677
37.74    653
37.76    678
37.78    612
37.8     629
37.82    655
37.84    653
37.86    693
37.88    659
37.9     659
37.92    644
37.94    651
37.96    635
37.98    664
38.0     675
38.02    665
38.04    696
38.06    655
38.08    639
38.1     644
38.12    674
38.14    637
38.16    669
38.18    691
38.2     671
38.22    641
38.24    654
38.26    653
38.28    665
38.3     694
38.32    665
38.34    693
38.36    645
38.38    660
38.4     672
38.42    690
38.44    720
38.46    719
38.48    745
38.5     683
38.52    724
38.54    683
38.56    799
38.58    696
38.6     671
38.62    673
38.64    654
38.66    637
38.68    669
38.7     681
38.72    689
38.74    666
38.76    714
38.78    673
38.8     677
38.82    712
38.84    654
38.86    716
38.88    671
38.9     697
38.92    649
38.94    704
38.96    645
38.98    640
39.0     643
39.02    653
39.04    636
39.06    652
39.08    674
39.1     621
39.12    603
39.14    630
39.16    648
39.18    698
39.2     664
39.22    696
39.24    697
39.26    680
39.28    663
39.3     651
39.32    641
39.34    697
39.36    701
39.38    686
39.4     678
39.42    645
39.44    666
39.46    678
39.48    694
39.5     674
39.52    697
39.54    675
39.56    637
39.58    694
39.6     703
39.62    659
39.64    655
39.66    678
39.68    659
39.7     688
39.72    642
39.74    657
39.76    648
39.78    653
39.8     659
39.82    725
39.84    687
39.86    656
39.88    643
39.9     672
39.92    675
39.94    682
39.96    654
39.98    693
40.0     688
40.02    689
40.04    683
40.06    668
40.08    673
40.1     691
40.12    666
40.14    670
40.16    643
40.18    663
40.2     671
40.22    668
40.24    692
40.26    667
40.28    690
40.3     662
40.32    681
40.34    736
40.36    641
40.38    702
40.4     689
40.42    670
40.44    635
40.46    687
40.48    699
40.5     629
40.52    694
40.54    707
40.56    647
40.58    641
40.6     663
40.62    698
40.64    678
40.66    649
40.68    713
40.7     612
40.72    662
40.74    687
40.76    667
40.78    706
40.8     688
40.82    708
40.84    703
40.86    649
40.88    701
40.9     664
40.92    706
40.94    707
40.96    669
40.98    702
41.0     688
41.02    686
41.04    685
41.06    696
41.08    685
41.1     684
41.12    691
41.14    688
41.16    666
41.18    700
41.2     686
41.22    725
41.24    704
41.26    719
41.28    683
41.3     729
41.32    714
41.34    672
41.36    700
41.38    693
41.4     679
41.42    703
41.44    714
41.46    738
41.48    709
41.5     744
41.52    682
41.54    690
41.56    744
41.58    695
41.6     672
41.62    697
41.64    686
41.66    682
41.68    704
41.7     759
41.72    747
41.74    695
41.76    673
41.78    686
41.8     679
41.82    681
41.84    708
41.86    675
41.88    691
41.9     712
41.92    692
41.94    691
41.96    699
41.98    701
42.0     671
42.02    708
42.04    700
42.06    670
42.08    687
42.1     695
42.12    721
42.14    706
42.16    737
42.18    723
42.2     696
42.22    716
42.24    731
42.26    689
42.28    719
42.3     749
42.32    749
42.34    756
42.36    747
42.38    767
42.4     720
42.42    802
42.44    732
42.46    735
42.48    707
42.5     710
42.52    751
42.54    706
42.56    728
42.58    803
42.6     722
42.62    732
42.64    735
42.66    755
42.68    725
42.7     730
42.72    809
42.74    849
42.76    903
42.78    901
42.8     945
42.82    997
42.84    954
42.86    923
42.88    871
42.9     866
42.92    845
42.94    842
42.96    820
42.98    812
43.0     744
43.02    737
43.04    709
43.06    679
43.08    721
43.1     674
43.12    688
43.14    686
43.16    729
43.18    699
43.2     691
43.22    652
43.24    706
43.26    692
43.28    745
43.3     719
43.32    652
43.34    761
43.36    698
43.38    749
43.4     698
43.42    742
43.44    714
43.46    718
43.48    700
43.5     671
43.52    712
43.54    737
43.56    735
43.58    719
43.6     675
43.62    706
43.64    741
43.66    709
43.68    725
43.7     644
43.72    689
43.74    755
43.76    708
43.78    735
43.8     745
43.82    729
43.84    680
43.86    732
43.88    696
43.9     722
43.92    707
43.94    715
43.96    719
43.98    701
44.0     743
44.02    703
44.04    714
44.06    745
44.08    751
44.1     668
44.12    721
44.14    707
44.16    742
44.18    736
44.2     701
44.22    697
44.24    735
44.26    743
44.28    703
44.3     680
44.32    674
44.34    686
44.36    660
44.38    702
44.4     709
44.42    724
44.44    704
44.46    713
44.48    782
44.5     717
44.52    737
44.54    765
44.56    746
44.58    673
44.6     769
44.62    706
44.64    742
44.66    702
44.68    729
44.7     739
44.72    728
44.74    695
44.76    700
44.78    731
44.8     754
44.82    768
44.84    746
44.86    707
44.88    726
44.9     751
44.92    743
44.94    772
44.96    693
44.98    717
45.0     692
45.02    764
45.04    730
45.06    765
45.08    694
45.1     721
45.12    707
45.14    706
45.16    670
45.18    733
45.2     751
45.22    715
45.24    697
45.26    753
45.28    722
45.3     692
45.32    671
45.34    726
45.36    710
45.38    684
45.4     741
45.42    647
45.44    671
45.46    697
45.48    720
45.5     774
45.52    754
45.54    769
45.56    713
45.58    725
45.6     751
45.62    709
45.64    760
45.66    686
45.68    757
45.7     696
45.72    699
45.74    720
45.76    679
45.78    716
45.8     691
45.82    729
45.84    741
45.86    720
45.88    681
45.9     697
45.92    700
45.94    734
45.96    698
45.98    725
46.0     715
46.02    723
46.04    749
46.06    657
46.08    718
46.1     734
46.12    735
46.14    748
46.16    699
46.18    756
46.2     719
46.22    775
46.24    706
46.26    725
46.28    755
46.3     733
46.32    698
46.34    694
46.36    690
46.38    752
46.4     769
46.42    738
46.44    704
46.46    729
46.48    710
46.5     743
46.52    730
46.54    723
46.56    740
46.58    722
46.6     710
46.62    695
46.64    757
46.66    742
46.68    698
46.7     758
46.72    755
46.74    731
46.76    717
46.78    754
46.8     728
46.82    728
46.84    751
46.86    693
46.88    708
46.9     673
46.92    736
46.94    722
46.96    757
46.98    738
47.0     720
47.02    789
47.04    726
47.06    726
47.08    708
47.1     735
47.12    716
47.14    721
47.16    699
47.18    778
47.2     764
47.22    730
47.24    779
47.26    711
47.28    767
47.3     776
47.32    732
47.34    719
47.36    718
47.38    718
47.4     696
47.42    741
47.44    696
47.46    764
47.48    739
47.5     740
47.52    743
47.54    726
47.56    778
47.58    723
47.6     785
47.62    728
47.64    743
47.66    740
47.68    743
47.7     775
47.72    734
47.74    769
47.76    725
47.78    754
47.8     741
47.82    778
47.84    764
47.86    770
47.88    732
47.9     713
47.92    750
47.94    673
47.96    767
47.98    698
48.0     727
48.02    734
48.04    756
48.06    735
48.08    715
48.1     729
48.12    787
48.14    766
48.16    723
48.18    715
48.2     742
48.22    697
48.24    754
48.26    753
48.28    707
48.3     706
48.32    704
48.34    703
48.36    726
48.38    708
48.4     719
48.42    757
48.44    777
48.46    771
48.48    734
48.5     742
48.52    764
48.54    733
48.56    743
48.58    773
48.6     743
48.62    734
48.64    699
48.66    722
48.68    695
48.7     761
48.72    735
48.74    765
48.76    747
48.78    765
48.8     739
48.82    750
48.84    777
48.86    768
48.88    791
48.9     777
48.92    786
48.94    781
48.96    797
48.98    737
49.0     733
49.02    765
49.04    725
49.06    774
49.08    707
49.1     764
49.12    757
49.14    717
49.16    755
49.18    754
49.2     742
49.22    756
49.24    709
49.26    765
49.28    736
49.3     763
49.32    714
49.34    734
49.36    733
49.38    759
49.4     746
49.42    724
49.44    725
49.46    755
49.48    764
49.5     771
49.52    732
49.54    721
49.56    700
49.58    743
49.6     706
49.62    746
49.64    735
49.66    760
49.68    742
49.7     804
49.72    790
49.74    740
49.76    726
49.78    797
49.8     744
49.82    712
49.84    747
49.86    729
49.88    771
49.9     701
49.92    776
49.94    737
49.96    769
49.98    735
50.0     785
50.02    762
50.04    757
50.06    719
50.08    787
50.1     705
50.12    726
50.14    708
50.16    709
50.18    738
50.2     764
50.22    743
50.24    757
50.26    746
50.28    779
50.3     705
50.32    777
50.34    734
50.36    691
50.38    747
50.4     782
50.42    755
50.44    759
50.46    776
50.48    782
50.5     713
50.52    823
50.54    752
50.56    753
50.58    741
50.6     740
50.62    754
50.64    756
50.66    777
50.68    707
50.7     745
50.72    762
50.74    766
50.76    752
50.78    781
50.8     797
50.82    858
50.84    778
50.86    739
50.88    815
50.9     773
50.92    779
50.94    747
50.96    756
50.98    763
51.0     767
51.02    761
51.04    726
51.06    741
51.08    706
51.1     751
51.12    739
51.14    789
51.16    740
51.18    759
51.2     808
51.22    769
51.24    793
51.26    719
51.28    705
51.3     713
51.32    797
51.34    727
51.36    733
51.38    717
51.4     660
51.42    767
51.44    797
51.46    762
51.48    763
51.5     739
51.52    767
51.54    749
51.56    759
51.58    738
51.6     740
51.62    732
51.64    753
51.66    681
51.68    760
51.7     779
51.72    762
51.74    710
51.76    714
51.78    714
51.8     744
51.82    715
51.84    770
51.86    765
51.88    808
51.9     721
51.92    702
51.94    732
51.96    752
51.98    684
52.0     773
52.02    736
52.04    772
52.06    832
52.08    786
52.1     747
52.12    721
52.14    791
52.16    726
52.18    743
52.2     753
52.22    706
52.24    740
52.26    775
52.28    706
52.3     824
52.32    796
52.34    725
52.36    741
52.38    715
52.4     737
52.42    727
52.44    758
52.46    766
52.48    766
52.5     761
52.52    779
52.54    692
52.56    737
52.58    750
52.6     667
52.62    772
52.64    781
52.66    757
52.68    786
52.7     757
52.72    751
52.74    767
52.76    773
52.78    780
52.8     764
52.82    772
52.84    716
52.86    774
52.88    738
52.9     756
52.92    711
52.94    729
52.96    748
52.98    738
53.0     722
53.02    760
53.04    817
53.06    799
53.08    756
53.1     750
53.12    777
53.14    813
53.16    800
53.18    834
53.2     882
53.22    888
53.24    880
53.26    870
53.28    902
53.3     830
53.32    815
53.34    809
53.36    856
53.38    834
53.4     785
53.42    806
53.44    775
53.46    782
53.48    771
53.5     729
53.52    729
53.54    773
53.56    742
53.58    834
53.6     765
53.62    786
53.64    761
53.66    768
53.68    699
53.7     787
53.72    744
53.74    750
53.76    775
53.78    707
53.8     706
53.82    773
53.84    766
53.86    750
53.88    827
53.9     752
53.92    771
53.94    758
53.96    747
53.98    757
54.0     736
54.02    751
54.04    777
54.06    778
54.08    788
54.1     798
54.12    721
54.14    784
54.16    800
54.18    752
54.2     753
54.22    772
54.24    750
54.26    733
54.28    735
54.3     763
54.32    727
54.34    697
54.36    730
54.38    760
54.4     733
54.42    797
54.44    766
54.46    795
54.48    746
54.5     741
54.52    730
54.54    756
54.56    756
54.58    813
54.6     722
54.62    695
54.64    745
54.66    736
54.68    775
54.7     736
54.72    771
54.74    819
54.76    754
54.78    771
54.8     744
54.82    783
54.84    750
54.86    761
54.88    722
54.9     727
54.92    739
54.94    759
54.96    716
54.98    788
55.0     787
55.02    770
55.04    761
55.06    789
55.08    798
55.1     775
55.12    825
55.14    689
55.16    757
55.18    782
55.2     756
55.22    757
55.24    772
55.26    756
55.28    766
55.3     819
55.32    742
55.34    784
55.36    799
55.38    797
55.4     744
55.42    718
55.44    768
55.46    803
55.48    767
55.5     762
55.52    788
55.54    752
55.56    790
55.58    763
55.6     778
55.62    737
55.64    746
55.66    788
55.68    826
55.7     789
55.72    848
55.74    808
55.76    811
55.78    867
55.8     823
55.82    738
55.84    771
55.86    755
55.88    772
55.9     814
55.92    734
55.94    772
55.96    713
55.98    763
56.0     727
56.02    738
56.04    757
56.06    738
56.08    736
56.1     795
56.12    764
56.14    768
56.16    726
56.18    765
56.2     687
56.22    775
56.24    735
56.26    746
56.28    738
56.3     746
56.32    787
56.34    741
56.36    749
56.38    735
56.4     756
56.42    770
56.44    751
56.46    775
56.48    771
56.5     800
56.52    781
56.54    802
56.56    773
56.58    776
56.6     760
56.62    862
56.64    929
56.66    905
56.68    1006
56.7     1029
56.72    1053
56.74    1056
56.76    1120
56.78    1098
56.8     1024
56.82    1011
56.84    927
56.86    963
56.88    936
56.9     927
56.92    949
56.94    974
56.96    861
56.98    807
57.0     797
57.02    751
57.04    743
57.06    854
57.08    735
57.1     774
57.12    769
57.14    753
57.16    755
57.18    733
57.2     769
57.22    785
57.24    748
57.26    739
57.28    792
57.3     746
57.32    759
57.34    741
57.36    782
57.38    800
57.4     723
57.42    770
57.44    808
57.46    708
57.48    740
57.5     757
57.52    751
57.54    726
57.56    820
57.58    756
57.6     748
57.62    748
57.64    746
57.66    761
57.68    748
57.7     736
57.72    789
57.74    759
57.76    755
57.78    757
57.8     769
57.82    758
57.84    750
57.86    803
57.88    754
57.9     765
57.92    771
57.94    787
57.96    735
57.98    739
58.0     748
58.02    764
58.04    795
58.06    760
58.08    735
58.1     803
58.12    767
58.14    753
58.16    774
58.18    763
58.2     744
58.22    757
58.24    703
58.26    768
58.28    801
58.3     757
58.32    782
58.34    811
58.36    729
58.38    783
58.4     790
58.42    771
58.44    763
58.46    773
58.48    768
58.5     777
58.52    816
58.54    743
58.56    783
58.58    737
58.6     746
58.62    798
58.64    745
58.66    689
58.68    764
58.7     762
58.72    795
58.74    826
58.76    731
58.78    715
58.8     794
58.82    753
58.84    708
58.86    760
58.88    738
58.9     777
58.92    773
58.94    777
58.96    729
58.98    783
59.0     800
59.02    736
59.04    775
59.06    787
59.08    810
59.1     795
59.12    785
59.14    769
59.16    780
59.18    745
59.2     724
59.22    739
59.24    739
59.26    730
59.28    731
59.3     738
59.32    760
59.34    807
59.36    773
59.38    740
59.4     748
59.42    752
59.44    764
59.46    814
59.48    773
59.5     781
59.52    774
59.54    744
59.56    798
59.58    826
59.6     750
59.62    717
59.64    758
59.66    809
59.68    771
59.7     794
59.72    784
59.74    772
59.76    769
59.78    764
59.8     728
59.82    780
59.84    745
59.86    749
59.88    719
59.9     807
59.92    761
59.94    736
59.96    771
59.98    788
60.0     746
60.02    781
60.04    749
60.06    771
60.08    780
60.1     757
60.12    725
60.14    782
60.16    794
60.18    760
60.2     757
60.22    696
60.24    794
60.26    744
60.28    778
60.3     805
60.32    818
60.34    764
60.36    782
60.38    719
60.4     731
60.42    787
60.44    760
60.46    786
60.48    753
60.5     754
60.52    756
60.54    739
60.56    769
60.58    763
60.6     750
60.62    806
60.64    706
60.66    803
60.68    799
60.7     813
60.72    742
60.74    798
60.76    785
60.78    752
60.8     746
60.82    750
60.84    750
60.86    778
60.88    707
60.9     773
60.92    798
60.94    800
60.96    747
60.98    750
61.0     799
61.02    769
61.04    751
61.06    787
61.08    775
61.1     791
61.12    759
61.14    790
61.16    771
61.18    780
61.2     765
61.22    771
61.24    746
61.26    808
61.28    769
61.3     798
61.32    749
61.34    809
61.36    719
61.38    833
61.4     737
61.42    775
61.44    761
61.46    752
61.48    801
61.5     772
61.52    731
61.54    768
61.56    778
61.58    747
61.6     796
61.62    816
61.64    762
61.66    759
61.68    837
61.7     783
61.72    758
61.74    795
61.76    769
61.78    795
61.8     758
61.82    818
61.84    747
61.86    786
61.88    773
61.9     796
61.92    828
61.94    782
61.96    774
61.98    785
62.0     784
62.02    776
62.04    791
62.06    827
62.08    784
62.1     830
62.12    812
62.14    835
62.16    802
62.18    804
62.2     800
62.22    807
62.24    886
62.26    900
62.28    872
62.3     1046
62.32    1104
62.34    1120
62.36    1125
62.38    1007
62.4     989
62.42    963
62.44    929
62.46    867
62.48    924
62.5     929
62.52    999
62.54    961
62.56    878
62.58    836
62.6     857
62.62    770
62.64    784
62.66    796
62.68    700
62.7     789
62.72    792
62.74    782
62.76    826
62.78    717
62.8     757
62.82    760
62.84    791
62.86    746
62.88    747
62.9     783
62.92    760
62.94    768
62.96    788
62.98    843
63.0     800
63.02    801
63.04    741
63.06    772
63.08    764
63.1     811
63.12    788
63.14    779
63.16    760
63.18    771
63.2     745
63.22    764
63.24    735
63.26    755
63.28    733
63.3     726
63.32    741
63.34    749
63.36    777
63.38    775
63.4     776
63.42    758
63.44    766
63.46    798
63.48    773
63.5     763
63.52    721
63.54    757
63.56    798
63.58    718
63.6     762
63.62    751
63.64    740
63.66    758
63.68    758
63.7     695
63.72    718
63.74    780
63.76    759
63.78    764
63.8     791
63.82    717
63.84    758
63.86    806
63.88    739
63.9     767
63.92    743
63.94    779
63.96    800
63.98    773
64.0     759
64.02    704
64.04    749
64.06    728
64.08    770
64.1     773
64.12    726
64.14    760
64.16    721
64.18    748
64.2     866
64.22    753
64.24    784
64.26    749
64.28    770
64.3     806
64.32    765
64.34    753
64.36    746
64.38    781
64.4     796
64.42    766
64.44    748
64.46    744
64.48    769
64.5     741
64.52    751
64.54    747
64.56    743
64.58    790
64.6     801
64.62    735
64.64    806
64.66    774
64.68    758
64.7     774
64.72    751
64.74    767
64.76    747
64.78    755
64.8     762
64.82    803
64.84    794
64.86    757
64.88    750
64.9     782
64.92    728
64.94    816
64.96    786
64.98    780
65.0     755
65.02    784
65.04    741
65.06    752
65.08    810
65.1     727
65.12    765
65.14    790
65.16    745
65.18    756
65.2     782
65.22    769
65.24    752
65.26    763
65.28    772
65.3     780
65.32    749
65.34    793
65.36    710
65.38    749
65.4     761
65.42    769
65.44    800
65.46    771
65.48    745
65.5     750
65.52    756
65.54    712
65.56    776
65.58    839
65.6     770
65.62    815
65.64    769
65.66    789
65.68    814
65.7     808
65.72    757
65.74    786
65.76    710
65.78    786
65.8     771
65.82    730
65.84    771
65.86    779
65.88    763
65.9     751
65.92    791
65.94    824
65.96    832
65.98    754
66.0     765
66.02    788
66.04    807
66.06    770
66.08    792
66.1     807
66.12    782
66.14    718
66.16    801
66.18    793
66.2     726
66.22    757
66.24    783
66.26    738
66.28    776
66.3     777
66.32    792
66.34    791
66.36    750
66.38    794
66.4     792
66.42    814
66.44    751
66.46    753
66.48    782
66.5     783
66.52    807
66.54    798
66.56    813
66.58    762
66.6     783
66.62    790
66.64    760
66.66    779
66.68    760
66.7     799
66.72    808
66.74    773
66.76    747
66.78    774
66.8     783
66.82    792
66.84    790
66.86    741
66.88    748
66.9     794
66.92    821
66.94    798
66.96    761
66.98    757
67.0     780
67.02    769
67.04    776
67.06    798
67.08    727
67.1     733
67.12    758
67.14    797
67.16    789
67.18    736
67.2     721
67.22    830
67.24    756
67.26    723
67.28    758
67.3     809
67.32    726
67.34    813
67.36    755
67.38    714
67.4     776
67.42    781
67.44    806
67.46    778
67.48    769
67.5     763
67.52    742
67.54    765
67.56    777
67.58    745
67.6     727
67.62    792
67.64    721
67.66    771
67.68    753
67.7     814
67.72    739
67.74    765
67.76    753
67.78    739
67.8     825
67.82    786
67.84    734
67.86    817
67.88    759
67.9     725
67.92    756
67.94    770
67.96    787
67.98    795
68.0     767
68.02    779
68.04    731
68.06    808
68.08    747
68.1     762
68.12    746
68.14    790
68.16    789
68.18    784
68.2     823
68.22    818
68.24    825
68.26    747
68.28    798
68.3     796
68.32    835
68.34    737
68.36    779
68.38    770
68.4     798
68.42    779
68.44    859
68.46    801
68.48    746
68.5     764
68.52    813
68.54    804
68.56    750
68.58    808
68.6     806
68.62    748
68.64    785
68.66    731
68.68    793
68.7     738
68.72    721
68.74    702
68.76    816
68.78    773
68.8     823
68.82    815
68.84    760
68.86    820
68.88    775
68.9     779
68.92    790
68.94    735
68.96    814
68.98    773
69.0     752
69.02    786
69.04    788
69.06    728
69.08    829
69.1     777
69.12    768
69.14    759
69.16    828
69.18    770
69.2     790
69.22    794
69.24    757
69.26    788
69.28    785
69.3     770
69.32    722
69.34    792
69.36    807
69.38    786
69.4     772
69.42    743
69.44    798
69.46    798
69.48    826
69.5     767
69.52    778
69.54    762
69.56    771
69.58    785
69.6     826
69.62    755
69.64    765
69.66    771
69.68    772
69.7     776
69.72    756
69.74    800
69.76    768
69.78    793
69.8     793
69.82    763
69.84    781
69.86    779
69.88    766
69.9     805
69.92    754
69.94    778
69.96    810
69.98    813
70.0     752
70.02    795
70.04    803
70.06    774
70.08    804
70.1     765
70.12    748
70.14    804
70.16    816
70.18    724
70.2     775
70.22    809
70.24    796
70.26    791
70.28    774
70.3     767
70.32    739
70.34    756
70.36    765
70.38    816
70.4     825
70.42    768
70.44    789
70.46    786
70.48    798
70.5     765
70.52    798
70.54    744
70.56    768
70.58    759
70.6     722
70.62    762
70.64    830
70.66    826
70.68    808
70.7     772
70.72    825
70.74    814
70.76    855
70.78    778
70.8     812
70.82    811
70.84    845
70.86    825
70.88    761
70.9     796
70.92    782
70.94    762
70.96    806
70.98    822
71.0     812
71.02    826
71.04    797
71.06    772
71.08    807
71.1     769
71.12    773
71.14    787
71.16    758
71.18    770
71.2     778
71.22    784
71.24    806
71.26    829
71.28    799
71.3     816
71.32    756
71.34    738
71.36    756
71.38    762
71.4     833
71.42    774
71.44    793
71.46    774
71.48    760
71.5     760
71.52    727
71.54    815
71.56    806
71.58    732
71.6     789
71.62    801
71.64    784
71.66    762
71.68    833
71.7     757
71.72    775
71.74    778
71.76    743
71.78    749
71.8     789
71.82    769
71.84    761
71.86    786
71.88    760
71.9     784
71.92    724
71.93    810
71.96    744
71.98    805
72.0     750
72.02    770
72.04    749
72.06    814
72.08    741
72.1     790
72.12    791
72.14    790
72.16    753
72.18    760
72.2     819
72.22    746
72.24    809
72.26    732
72.28    783
72.3     774
72.32    815
72.34    800
72.36    832
72.38    788
72.4     721
72.42    777
72.43    770
72.46    790
72.48    795
72.5     789
72.52    781
72.54    805
72.56    820
72.58    758
72.6     813
72.62    822
72.64    821
72.66    771
72.68    749
72.7     740
72.72    752
72.74    780
72.76    778
72.78    756
72.8     731
72.82    802
72.84    747
72.86    791
72.88    778
72.9     774
72.92    752
72.93    735
72.96    796
72.98    799
73.0     769
73.02    795
73.04    745
73.06    775
73.08    760
73.1     846
73.12    739
73.14    810
73.16    761
73.18    756
73.2     752
73.22    798
73.24    756
73.26    782
73.28    796
73.3     772
73.32    827
73.34    790
73.36    796
73.38    787
73.4     792
73.42    697
73.43    811
73.46    789
73.48    775
73.5     788
73.52    798
73.54    774
73.56    775
73.58    778
73.6     786
73.62    764
73.64    780
73.66    772
73.68    797
73.7     775
73.72    837
73.74    844
73.76    803
73.78    895
73.8     830
73.82    840
73.84    886
73.86    918
73.88    832
73.9     849
73.92    821
73.93    845
73.96    822
73.98    850
74.0     850
74.02    849
74.04    851
74.06    819
74.08    856
74.1     807
74.12    771
74.14    765
74.16    793
74.18    842
74.2     813
74.22    741
74.24    854
74.26    734
74.28    812
74.3     743
74.32    781
74.34    819
74.36    769
74.38    803
74.4     770
74.42    800
74.43    761
74.46    792
74.48    782
74.5     721
74.52    780
74.54    780
74.56    747
74.58    732
74.6     778
74.62    762
74.64    792
74.66    728
74.68    752
74.7     795
74.72    814
74.74    783
74.76    763
74.78    813
74.8     847
74.82    805
74.84    816
74.86    844
74.88    775
74.9     773
74.92    802
74.93    793
74.96    761
74.98    765
75.0     870
75.02    784
75.04    800
75.06    783
75.08    799
75.1     807
75.12    835
75.14    795
75.16    766
75.18    784
75.2     781
75.22    820
75.24    762
75.26    771
75.28    784
75.3     711
75.32    745
75.34    831
75.36    822
75.38    782
75.4     774
75.42    797
75.43    784
75.46    798
75.48    807
75.5     781
75.52    748
75.54    778
75.56    773
75.58    798
75.6     772
75.62    786
75.64    831
75.66    841
75.68    796
75.7     753
75.72    794
75.74    797
75.76    749
75.78    740
75.8     754
75.82    748
75.84    773
75.86    769
75.88    773
75.9     802
75.92    788
75.93    773
75.96    719
75.98    798
76.0     806
76.02    747
76.04    813
76.06    801
76.08    794
76.1     795
76.12    810
76.14    748
76.16    790
76.18    793
76.2     818
76.22    809
76.24    788
76.26    793
76.28    786
76.3     791
76.32    761
76.34    830
76.36    781
76.38    779
76.4     796
76.42    774
76.43    803
76.46    800
76.48    746
76.5     762
76.52    736
76.54    809
76.56    803
76.58    784
76.6     825
76.62    735
76.64    766
76.66    810
76.68    777
76.7     770
76.72    750
76.74    818
76.76    817
76.78    736
76.8     775
76.82    758
76.84    794
76.86    786
76.88    807
76.9     765
76.92    776
76.93    736
76.96    791
76.98    776
77.0     775
77.02    806
77.04    782
77.06    777
77.08    781
77.1     767
77.12    779
77.14    761
77.16    788
77.18    793
77.2     739
77.22    761
77.24    758
77.26    741
77.28    801
77.3     753
77.32    764
77.34    737
77.36    783
77.38    771
77.4     797
77.42    788
77.43    758
77.46    777
77.48    793
77.5     782
77.52    760
77.54    760
77.56    827
77.58    749
77.6     841
77.62    766
77.64    866
77.66    785
77.68    796
77.7     833
77.72    824
77.74    763
77.76    734
77.78    821
77.8     776
77.82    792
77.84    765
77.86    789
77.88    723
77.9     750
77.92    772
77.93    856
77.96    798
77.98    755
78.0     766
78.02    765
78.04    827
78.06    749
78.08    830
78.1     798
78.12    814
78.14    785
78.16    789
78.18    785
78.2     747
78.22    808
78.24    791
78.26    792
78.28    832
78.3     769
78.32    816
78.34    766
78.36    778
78.38    738
78.4     790
78.42    794
78.43    758
78.46    756
78.48    810
78.5     810
78.52    783
78.54    771
78.56    803
78.58    760
78.6     798
78.62    837
78.64    759
78.66    776
78.68    808
78.7     803
78.72    763
78.74    834
78.76    831
78.78    856
78.8     783
78.82    806
78.84    811
78.86    779
78.88    795
78.9     822
78.92    806
78.93    798
78.96    857
78.98    817
79.0     799
79.02    822
79.04    818
79.06    812
79.08    867
79.1     777
79.12    810
79.14    781
79.16    783
79.18    797
79.2     791
79.22    743
79.24    825
79.26    825
79.28    737
79.3     824
79.32    809
79.34    793
79.36    796
79.38    812
79.4     790
79.42    815
79.43    761
79.46    762
79.48    843
79.5     772
79.52    777
79.54    796
79.56    765
79.58    768
79.6     751
79.62    862
79.64    781
79.66    813
79.68    736
79.7     782
79.72    809
79.74    749
79.76    807
79.78    743
79.8     816
79.82    772
79.84    778
79.86    777
79.88    774
79.9     757
79.92    750
79.93    761
79.96    746
79.98    768
80.0     783
