10.0     210
10.02    163
10.04    170
10.06    196
10.08    207
10.1     187
10.12    197
10.14    186
10.16    210
10.18    198
10.2     206
10.22    170
10.24    182
10.26    196
10.28    197
10.3     193
10.32    181
10.34    202
10.36    197
10.38    193
10.4     219
10.42    210
10.44    200
10.46    169
10.48    184
10.5     199
10.52    186
10.54    193
10.56    194
10.58    181
10.6     209
10.62    201
10.64    219
10.66    198
10.68    196
10.7     211
10.72    186
10.74    195
10.76    210
10.78    241
10.8     197
10.82    242
10.84    174
10.86    217
10.88    169
10.9     204
10.92    200
10.94    213
10.96    202
10.98    201
11.0     210
11.02    218
11.04    182
11.06    206
11.08    203
11.1     186
11.12    219
11.14    201
11.16    179
11.18    192
11.2     194
11.22    224
11.24    198
11.26    214
11.28    212
11.3     222
11.32    205
11.34    210
11.36    196
11.38    202
11.4     228
11.42    197
11.44    214
11.46    204
11.48    212
11.5     215
11.52    215
11.54    213
11.56    218
11.58    223
11.6     229
11.62    238
11.64    226
11.66    221
11.68    197
11.7     222
11.72    231
11.74    213
11.76    193
11.78    221
11.8     222
11.82    216
11.84    211
11.86    207
11.88    240
11.9     219
11.92    213
11.94    211
11.96    214
11.98    205
12.0     225
12.02    198
12.04    218
12.06    215
12.08    232
12.1     218
12.12    219
12.14    230
12.16    227
12.18    193
12.2     257
12.22    207
12.24    229
12.26    240
12.28    215
12.3     197
12.32    192
12.34    239
12.36    213
12.38    217
12.4     215
12.42    222
12.44    231
12.46    243
12.48    225
12.5     208
12.52    248
12.54    253
12.56    229
12.58    202
12.6     190
12.62    209
12.64    224
12.66    257
12.68    239
12.7     223
12.72    232
12.74    241
12.76    227
12.78    221
12.8     208
12.82    217
12.84    227
12.86    224
12.88    204
12.9     223
12.92    210
12.94    227
12.96    221
12.98    216
13.0     217
13.02    243
13.04    218
13.06    224
13.08    230
13.1     235
13.12    209
13.14    222
13.16    240
13.18    225
13.2     248
13.22    233
13.24    236
13.26    215
13.28    224
13.3     248
13.32    217
13.34    225
13.36    240
13.38    229
13.4     201
13.42    241
13.44    238
13.46    237
13.48    257
13.5     265
13.52    191
13.54    246
13.56    244
13.58    246
13.6     223
13.62    249
13.64    212
13.66    218
13.68    253
13.7     215
13.72    245
13.74    236
13.76    261
13.78    288
13.8     252
13.82    244
13.84    243
13.86    260
13.88    220
13.9     241
13.92    239
13.94    228
13.96    248
13.98    239
14.0     211
14.02    260
14.04    237
14.06    235
14.08    245
14.1     233
14.12    270
14.14    238
14.16    232
14.18    231
14.2     232
14.22    251
14.24    226
14.26    245
14.28    225
14.3     231
14.32    251
14.34    276
14.36    260
14.38    245
14.4     236
14.42    258
14.44    259
14.46    247
14.48    250
14.5     251
14.52    228
14.54    271
14.56    268
14.58    247
14.6     258
14.62    261
14.64    253
14.66    249
14.68    239
14.7     253
14.72    236
14.74    242
14.76    242
14.78    241
14.8     239
14.82    225
14.84    273
14.86    276
14.88    258
14.9     272
14.92    267
14.94    267
14.96    297
14.98    256
15.0     267
15.02    245
15.04    245
15.06    245
15.08    273
15.1     276
15.12    245
15.14    266
15.16    270
15.18    233
15.2     273
15.22    264
15.24    241
15.26    276
15.28    257
15.3     283
15.32    244
15.34    252
15.36    259
15.38    271
15.4     247
15.42    243
15.44    269
15.46    235
15.48    265
15.5     264
15.52    268
15.54    253
15.56    286
15.58    272
15.6     291
15.62    271
15.64    276
15.66    237
15.68    250
15.7     282
15.72    258
15.74    258
15.76    261
15.78    231
15.8     288
15.82    238
15.84    252
15.86    250
15.88    276
15.9     271
15.92    259
15.94    299
15.96    268
15.98    276
16.0     274
16.02    298
16.04    286
16.06    298
16.08    250
16.1     275
16.12    305
16.14    275
16.16    286
16.18    300
16.2     265
16.22    256
16.24    296
16.26    280
16.28    287
16.3     275
16.32    241
16.34    303
16.36    278
16.38    278
16.4     263
16.42    263
16.44    247
16.46    288
16.48    262
16.5     296
16.52    280
16.54    231
16.56    256
16.58    294
16.6     287
16.62    271
16.64    311
16.66    266
16.68    281
16.7     297
16.72    318
16.74    272
16.76    281
16.78    311
16.8     253
16.82    308
16.84    310
16.86    294
16.88    318
16.9     296
16.92    298
16.94    304
16.96    299
16.98    279
17.0     305
17.02    303
17.04    295
17.06    288
17.08    310
17.1     280
17.12    289
17.14    312
17.16    296
17.18    287
17.2     327
17.22    297
17.24    275
17.26    315
17.28    268
17.3     304
17.32    322
17.34    280
17.36    310
17.38    310
17.4     298
17.42    321
17.44    274
17.46    325
17.48    307
17.5     279
17.52    282
17.54    312
17.56    273
17.58    289
17.6     329
17.62    317
17.64    287
17.66    270
17.68    285
17.7     257
17.72    317
17.74    326
17.76    329
17.78    288
17.8     280
17.82    289
17.84    305
17.86    283
17.88    310
17.9     289
17.92    321
17.94    315
17.96    302
17.98    321
18.0     354
18.02    349
18.04    349
18.06    379
18.08    347
18.1     347
18.12    336
18.14    318
18.16    313
18.18    335
18.2     264
18.22    340
18.24    298
18.26    306
18.28    287
18.3     295
18.32    333
18.34    298
18.36    287
18.38    318
18.4     304
18.42    299
18.44    327
18.46    309
18.48    324
18.5     301
18.52    318
18.54    321
18.56    324
18.58    291
18.6     302
18.62    303
18.64    294
18.66    306
18.68    331
18.7     314
18.72    326
18.74    337
18.76    293
18.78    319
18.8     338
18.82    315
18.84    306
18.86    323
18.88    308
18.9     333
18.92    309
18.94    321
18.96    319
18.98    331
19.0     316
19.02    312
19.04    359
19.06    319
19.08    310
19.1     335
19.12    299
19.14    348
19.16    342
19.18    321
19.2     345
19.22    309
19.24    312
19.26    268
19.28    322
19.3     323
19.32    325
19.34    338
19.36    288
19.38    326
19.4     306
19.42    339
19.44    313
19.46    327
19.48    292
19.5     331
19.52    313
19.54    326
19.56    315
19.58    338
19.6     322
19.62    332
19.64    314
19.66    311
19.68    330
19.7     325
19.72    325
19.74    323
19.76    325
19.78    351
19.8     335
19.82    340
19.84    333
19.86    356
19.88    343
19.9     355
19.92    352
19.94    325
19.96    356
19.98    313
20.0     337
20.02    325
20.04    351
20.06    330
20.08    341
20.1     338
20.12    326
20.14    356
20.16    311
20.18    347
20.2     319
20.22    357
20.24    343
20.26    348
20.28    360
20.3     338
20.32    320
20.34    320
20.36    317
20.38    352
20.4     343
20.42    339
20.44    356
20.46    353
20.48    363
20.5     359
20.52    369
20.54    300
20.56    350
20.58    345
20.6     312
20.62    352
20.64    376
20.66    353
20.68    344
20.7     310
20.72    358
20.74    386
20.76    358
20.78    342
20.8     355
20.82    347
20.84    364
20.86    339
20.88    312
20.9     358
20.92    375
20.94    381
20.96    322
20.98    354
21.0     367
21.02    371
21.04    363
21.06    359
21.08    356
21.1     353
21.12    360
21.14    358
21.16    363
21.18    355
21.2     341
21.22    380
21.24    375
21.26    339
21.28    339
21.3     381
21.32    362
21.34    362
21.36    371
21.38    392
21.4     354
21.42    355
21.44    332
21.46    344
21.48    378
21.5     367
21.52    337
21.54    358
21.56    399
21.58    342
21.6     365
21.62    384
21.64    351
21.66    346
21.68    352
21.7     364
21.72    371
21.74    355
21.76    378
21.78    357
21.8     371
21.82    367
21.84    347
21.86    376
21.88    359
21.9     369
21.92    386
21.94    368
21.96    395
21.98    332
22.0     379
22.02    387
22.04    369
22.06    376
22.08    356
22.1     378
22.12    365
22.14    349
22.16    375
22.18    381
22.2     330
22.22    361
22.24    389
22.26    372
22.28    353
22.3     373
22.32    395
22.34    369
22.36    375
22.38    374
22.4     373
22.42    378
22.44    395
22.46    366
22.48    375
22.5     352
22.52    374
22.54    354
22.56    349
22.58    368
22.6     392
22.62    356
22.64    382
22.66    375
22.68    375
22.7     367
22.72    354
22.74    378
22.76    379
22.78    388
22.8     356
22.82    402
22.84    406
22.86    378
22.88    399
22.9     396
22.92    366
22.94    366
22.96    353
22.98    411
23.0     387
23.02    369
23.04    395
23.06    345
23.08    377
23.1     409
23.12    389
23.14    397
23.16    401
23.18    355
23.2     382
23.22    400
23.24    370
23.26    369
23.28    388
23.3     382
23.32    374
23.34    381
23.36    402
23.38    423
23.4     379
23.42    396
23.44    384
23.46    404
23.48    376
23.5     404
23.52    390
23.54    355
23.56    351
23.58    395
23.6     336
23.62    410
23.64    407
23.66    408
23.68    463
23.7     372
23.72    365
23.74    388
23.76    398
23.78    402
23.8     361
23.82    365
23.84    368
23.86    392
23.88    401
23.9     384
23.92    390
23.94    415
23.96    394
23.98    371
24.0     418
24.02    430
24.04    407
24.06    360
24.08    390
24.1     425
24.12    400
24.14    352
24.16    417
24.18    353
24.2     410
24.22    372
24.24    394
24.26    393
24.28    377
24.3     412
24.32    402
24.34    418
24.36    390
24.38    405
24.4     432
24.42    427
24.44    385
24.46    394
24.48    423
24.5     428
24.52    379
24.54    407
24.56    393
24.58    408
24.6     385
24.62    384
24.64    402
24.66    411
24.68    410
24.7     383
24.72    392
24.74    421
24.76    427
24.78    412
24.8     397
24.82    403
24.84    419
24.86    415
24.88    386
24.9     419
24.92    384
24.94    445
24.96    396
24.98    412
25.0     416
25.02    409
25.04    428
25.06    358
25.08    441
25.1     441
25.12    427
25.14    396
25.16    437
25.18    406
25.2     401
25.22    421
25.24    434
25.26    435
25.28    422
25.3     422
25.32    438
25.34    419
25.36    388
25.38    442
25.4     436
25.42    420
25.44    408
25.46    404
25.48    468
25.5     436
25.52    404
25.54    415
25.56    397
25.58    419
25.6     393
25.62    424
25.64    439
25.66    382
25.68    420
25.7     421
25.72    434
25.74    435
25.76    436
25.78    450
25.8     448
25.82    424
25.84    472
25.86    439
25.88    403
25.9     434
25.92    420
25.94    448
25.96    458
25.98    439
26.0     421
26.02    395
26.04    422
26.06    409
26.08    431
26.1     438
26.12    436
26.14    421
26.16    430
26.18    406
26.2     407
26.22    418
26.24    456
26.26    424
26.28    417
26.3     419
26.32    426
26.34    421
26.36    439
26.38    445
26.4     418
26.42    434
26.44    426
26.46    408
26.48    437
26.5     450
26.52    419
26.54    441
26.56    429
26.58    453
26.6     429
26.62    421
26.64    443
26.66    436
26.68    422
26.7     434
26.72    461
26.74    462
26.76    479
26.78    472
26.8     421
26.82    486
26.84    514
26.86    478
26.88    491
26.9     510
26.92    469
26.94    431
26.96    482
26.98    430
27.0     458
27.02    466
27.04    455
27.06    478
27.08    427
27.1     488
27.12    430
27.14    479
27.16    442
27.18    433
27.2     465
27.22    423
27.24    440
27.26    454
27.28    461
27.3     453
27.32    474
27.34    473
27.36    459
27.38    493
27.4     451
27.42    443
27.44    461
27.46    464
27.48    482
27.5     399
27.52    439
27.54    457
27.56    424
27.58    443
27.6     439
27.62    499
27.64    450
27.66    427
27.68    418
27.7     434
27.72    421
27.74    494
27.76    460
27.78    461
27.8     453
27.82    458
27.84    456
27.86    471
27.88    456
27.9     436
27.92    456
27.94    493
27.96    460
27.98    480
28.0     482
28.02    464
28.04    421
28.06    447
28.08    461
28.1     449
28.12    448
28.14    486
28.16    471
28.18    482
28.2     473
28.22    461
28.24    483
28.26    514
28.28    430
28.3     462
28.32    486
28.34    473
28.36    466
28.38    470
28.4     432
28.42    496
28.44    459
28.46    461
28.48    468
28.5     465
28.52    469
28.54    514
28.56    498
28.58    518
28.6     498
28.62    500
28.64    469
28.66    488
28.68    487
28.7     462
28.72    481
28.74    493
28.76    412
28.78    465
28.8     442
28.82    479
28.84    489
28.86    475
28.88    473
28.9     478
28.92    507
28.94    455
28.96    529
28.98    481
29.0     516
29.02    494
29.04    519
29.06    447
29.08    488
29.1     484
29.12    445
29.14    458
29.16    481
29.18    560
29.2     501
29.22    551
29.24    470
29.26    497
29.28    468
29.3     472
29.32    465
29.34    514
29.36    532
29.38    500
29.4     480
29.42    467
29.44    463
29.46    501
29.48    505
29.5     513
29.52    471
29.54    504
29.56    485
29.58    476
29.6     470
29.62    482
29.64    501
29.66    518
29.68    521
29.7     498
29.72    522
29.74    548
29.76    508
29.78    634
29.8     692
29.82    747
29.84    780
29.86    894
29.88    855
29.9     780
29.92    752
29.94    683
29.96    594
29.98    601
30.0     541
30.02    504
30.04    513
30.06    476
30.08    524
30.1     478
30.12    487
30.14    491
30.16    484
30.18    480
30.2     530
30.22    514
30.24    492
30.26    485
30.28    513
30.3     494
30.32    496
30.34    492
30.36    489
30.38    499
30.4     479
30.42    518
30.44    514
30.46    446
30.48    492
30.5     463
30.52    508
30.54    515
30.56    479
30.58    499
30.6     503
30.62    473
30.64    544
30.66    503
30.68    505
30.7     519
30.72    498
30.74    493
30.76    514
30.78    481
30.8     482
30.82    493
30.84    485
30.86    510
30.88    484
30.9     483
30.92    544
30.94    495
30.96    489
30.98    521
31.0     513
31.02    502
31.04    539
31.06    482
31.08    506
31.1     498
31.12    529
31.14    520
31.16    515
31.18    488
31.2     501
31.22    498
31.24    521
31.26    524
31.28    460
31.3     545
31.32    523
31.34    478
31.36    478
31.38    519
31.4     461
31.42    516
31.44    517
31.46    480
31.48    518
31.5     530
31.52    480
31.54    489
31.56    549
31.58    525
31.6     591
31.62    571
31.64    635
31.66    702
31.68    702
31.7     731
31.72    697
31.74    640
31.76    615
31.78    583
31.8     519
31.82    523
31.84    514
31.86    521
31.88    568
31.9     486
31.92    566
31.94    496
31.96    532
31.98    514
32.0     522
32.02    521
32.04    496
32.06    531
32.08    517
32.1     482
32.12    493
32.14    530
32.16    513
32.18    551
32.2     528
32.22    554
32.24    518
32.26    533
32.28    488
32.3     528
32.32    514
32.34    521
32.36    551
32.38    544
32.4     544
32.42    512
32.44    551
32.46    513
32.48    546
32.5     504
32.52    544
32.54    546
32.56    548
32.58    514
32.6     517
32.62    494
32.64    485
32.66    535
32.68    552
32.7     493
32.72    503
32.74    557
32.76    555
32.78    517
32.8     544
32.82    523
32.84    525
32.86    503
32.88    526
32.9     516
32.92    539
32.94    526
32.96    547
32.98    571
33.0     526
33.02    513
33.04    515
33.06    559
33.08    543
33.1     526
33.12    561
33.14    573
33.16    552
33.18    542
33.2     550
33.22    552
33.24    524
33.26    507
33.28    532
33.3     539
33.32    566
33.34    537
33.36    594
33.38    557
33.4     559
33.42    526
33.44    546
33.46    536
33.48    479
33.5     538
33.52    542
33.54    561
33.56    550
33.58    557
33.6     498
33.62    540
33.64    534
33.66    511
33.68    569
33.7     551
33.72    540
33.74    537
33.76    550
33.78    554
33.8     540
33.82    582
33.84    516
33.86    501
33.88    572
33.9     527
33.92    519
33.94    540
33.96    583
33.98    538
34.0     547
34.02    555
34.04    558
34.06    541
34.08    550
34.1     582
34.12    578
34.14    589
34.16    551
34.18    578
34.2     507
34.22    512
34.24    630
34.26    535
34.28    558
34.3     542
34.32    530
34.34    527
34.36    549
34.38    557
34.4     515
34.42    565
34.44    625
34.46    523
34.48    569
34.5     548
34.52    520
34.54    591
34.56    551
34.58    552
34.6     532
34.62    520
34.64    555
34.66    560
34.68    550
34.7     578
34.72    571
34.74    569
34.76    600
34.78    550
34.8     607
34.82    575
34.84    562
34.86    537
34.88    542
34.9     570
34.92    569
34.94    527
34.96    577
34.98    583
35.0     595
35.02    654
35.04    630
35.06    605
35.08    668
35.1     785
35.12    864
35.14    1060
35.16    1295
35.18    1572
35.2     1735
35.22    1736
35.24    1510
35.26    1439
35.28    1329
35.3     1231
35.32    1116
35.34    891
35.36    807
35.38    696
35.4     634
35.42    597
35.44    525
35.46    560
35.48    609
35.5     604
35.52    555
35.54    612
35.56    556
35.58    579
35.6     536
35.62    584
35.64    604
35.66    550
35.68    605
35.7     583
35.72    550
35.74    553
35.76    573
35.78    567
35.8     542
35.82    557
35.84    568
35.86    588
35.88    577
35.9     515
35.92    577
35.94    602
35.96    598
35.98    571
36.0     574
36.02    576
36.04    606
36.06    535
36.08    561
36.1     554
36.12    590
36.14    536
36.16    573
36.18    584
36.2     579
36.22    608
36.24    579
36.26    566
36.28    596
36.3     568
36.32    565
36.34    549
36.36    557
36.38    580
36.4     569
36.42    618
36.44    605
36.46    567
36.48    602
36.5     607
36.52    606
36.54    611
36.56    604
36.58    591
36.6     649
36.62    629
36.64    600
36.66    590
36.68    635
36.7     650
36.72    625
36.74    602
36.76    622
36.78    666
36.8     621
36.82    693
36.84    666
36.86    679
36.88    644
36.9     618
36.92    598
36.94    633
36.96    640
36.98    633
37.0     572
37.02    542
37.04    566
37.06    560
37.08    563
37.1     557
37.12    548
37.14    555
37.16    615
37.18    585
37.2     570
37.22    541
37.24    631
37.26    582
37.28    582
37.3     567
37.32    574
37.34    612
37.36    564
37.38    588
37.4     563
37.42    603
37.44    591
37.46    553
37.48    588
37.5     587
37.52    559
37.54    571
37.56    583
37.58    603
37.6     600
37.62    555
37.64    608
37.66    564
37.68    545
37.7     564
37.72    586
37.74    588
37.76    575
37.78    542
37.8     566
37.82    560
37.84    608
37.86    617
37.88    594
37.9     572
37.92    586
37.94    571
37.96    546
37.98    575
38.0     592
38.02    584
38.04    562
38.06    620
38.08    630
38.1     570
38.12    627
38.14    555
38.16    583
38.18    577
38.2     603
38.22    578
38.24    599
38.26    607
38.28    579
38.3     570
38.32    609
38.34    604
38.36    582
38.38    639
38.4     584
38.42    580
38.44    641
38.46    603
38.48    635
38.5     675
38.52    626
38.54    644
38.56    624
38.58    613
38.6     652
38.62    661
38.64    590
38.66    597
38.68    584
38.7     615
38.72    603
38.74    580
38.76    629
38.78    585
38.8     579
38.82    603
38.84    591
38.86    573
38.88    569
38.9     593
38.92    597
38.94    613
38.96    599
38.98    648
39.0     554
39.02    596
39.04    576
39.06    593
39.08    610
39.1     545
39.12    543
39.14    641
39.16    578
39.18    587
39.2     624
39.22    581
39.24    512
39.26    582
39.28    619
39.3     592
39.32    583
39.34    552
39.36    559
39.38    609
39.4     591
39.42    621
39.44    649
39.46    594
39.48    590
39.5     601
39.52    608
39.54    627
39.56    642
39.58    605
39.6     548
39.62    596
39.64    594
39.66    570
39.68    595
39.7     634
39.72    610
39.74    625
39.76    603
39.78    609
39.8     637
39.82    584
39.84    616
39.86    575
39.88    605
39.9     610
39.92    549
39.94    593
39.96    627
39.98    598
40.0     582
40.02    586
40.04    608
40.06    603
40.08    566
40.1     618
40.12    589
40.14    586
40.16    625
40.18    571
40.2     590
40.22    617
40.24    627
40.26    595
40.28    561
40.3     674
40.32    601
40.34    633
40.36    583
40.38    649
40.4     596
40.42    625
40.44    619
40.46    581
40.48    617
40.5     639
40.52    613
40.54    596
40.56    619
40.58    626
40.6     650
40.62    583
40.64    573
40.66    623
40.68    597
40.7     640
40.72    591
40.74    654
40.76    622
40.78    612
40.8     595
40.82    561
40.84    612
40.86    619
40.88    596
40.9     646
40.92    601
40.94    625
40.96    609
40.98    639
41.0     630
41.02    617
41.04    628
41.06    597
41.08    645
41.1     626
41.12    642
41.14    642
41.16    657
41.18    600
41.2     631
41.22    619
41.24    621
41.26    639
41.28    654
41.3     660
41.32    610
41.34    616
41.36    632
41.38    601
41.4     608
41.42    596
41.44    616
41.46    604
41.48    630
41.5     616
41.52    599
41.54    593
41.56    604
41.58    623
41.6     625
41.62    605
41.64    620
41.66    616
41.68    602
41.7     597
41.72    619
41.74    609
41.76    655
41.78    651
41.8     608
41.82    597
41.84    585
41.86    648
41.88    594
41.9     611
41.92    608
41.94    611
41.96    622
41.98    624
42.0     625
42.02    604
42.04    619
42.06    620
42.08    601
42.1     633
42.12    623
42.14    623
42.16    634
42.18    630
42.2     611
42.22    630
42.24    707
42.26    676
42.28    655
42.3     601
42.32    665
42.34    649
42.36    648
42.38    610
42.4     668
42.42    637
42.44    621
42.46    610
42.48    617
42.5     641
42.52    693
42.54    645
42.56    643
42.58    692
42.6     653
42.62    669
42.64    666
42.66    618
42.68    637
42.7     661
42.72    672
42.74    699
42.76    653
42.78    744
42.8     781
42.82    757
42.84    861
42.86    862
42.88    876
42.9     776
42.92    770
42.94    739
42.96    689
42.98    762
43.0     674
43.02    684
43.04    630
43.06    634
43.08    610
43.1     674
43.12    627
43.14    631
43.16    621
43.18    594
43.2     659
43.22    644
43.24    627
43.26    606
43.28    646
43.3     606
43.32    620
43.34    648
43.36    588
43.38    619
43.4     635
43.42    590
43.44    658
43.46    629
43.48    600
43.5     590
43.52    591
43.54    602
43.56    657
43.58    617
43.6     617
43.62    633
43.64    579
43.66    588
43.68    636
43.7     633
43.72    632
43.74    654
43.76    613
43.78    606
43.8     636
43.82    590
43.84    598
43.86    646
43.88    604
43.9     614
43.92    646
43.94    603
43.96    628
43.98    623
44.0     608
44.02    652
44.04    594
44.06    636
44.08    591
44.1     637
44.12    624
44.14    656
44.16    598
44.18    654
44.2     612
44.22    607
44.24    642
44.26    661
44.28    661
44.3     650
44.32    668
44.34    704
44.36    660
44.38    634
44.4     629
44.42    646
44.44    625
44.46    614
44.48    672
44.5     656
44.52    585
44.54    620
44.56    650
44.58    625
44.6     619
44.62    603
44.64    653
44.66    627
44.68    650
44.7     648
44.72    629
44.74    652
44.76    663
44.78    660
44.8     632
44.82    662
44.84    651
44.86    626
44.88    605
44.9     635
44.92    605
44.94    622
44.96    626
44.98    645
45.0     623
45.02    607
45.04    641
45.06    637
45.08    616
45.1     615
45.12    604
45.14    595
45.16    652
45.18    631
45.2     626
45.22    610
45.24    605
45.26    620
45.28    608
45.3     650
45.32    608
45.34    613
45.36    618
45.38    660
45.4     640
45.42    629
45.44    645
45.46    643
45.48    629
45.5     672
45.52    616
45.54    658
45.56    648
45.58    636
45.6     643
45.62    627
45.64    644
45.66    613
45.68    596
45.7     570
45.72    605
45.74    627
45.76    615
45.78    628
45.8     675
45.82    630
45.84    646
45.86    687
45.88    632
45.9     623
45.92    636
45.94    636
45.96    636
45.98    670
46.0     659
46.02    640
46.04    594
46.06    644
46.08    626
46.1     640
46.12    628
46.14    640
46.16    603
46.18    649
46.2     640
46.22    668
46.24    670
46.26    648
46.28    691
46.3     620
46.32    660
46.34    636
46.36    624
46.38    616
46.4     624
46.42    662
46.44    593
46.46    668
46.48    673
46.5     588
46.52    635
46.54    644
46.56    647
46.58    626
46.6     645
46.62    641
46.64    646
46.66    649
46.68    626
46.7     638
46.72    612
46.74    669
46.76    660
46.78    662
46.8     605
46.82    677
46.84    683
46.86    607
46.88    606
46.9     635
46.92    664
46.94    640
46.96    627
46.98    653
47.0     614
47.02    679
47.04    642
47.06    670
47.08    638
47.1     617
47.12    643
47.14    627
47.16    615
47.18    641
47.2     630
47.22    643
47.24    657
47.26    653
47.28    656
47.3     608
47.32    589
47.34    663
47.36    684
47.38    636
47.4     649
47.42    650
47.44    658
47.46    623
47.48    680
47.5     654
47.52    660
47.54    623
47.56    665
47.58    661
47.6     665
47.62    655
47.64    638
47.66    620
47.68    648
47.7     662
47.72    640
47.74    652
47.76    649
47.78    669
47.8     673
47.82    612
47.84    724
47.86    587
47.88    619
47.9     650
47.92    624
47.94    662
47.96    627
47.98    599
48.0     661
48.02    628
48.04    661
48.06    646
48.08    661
48.1     628
48.12    653
48.14    610
48.16    634
48.18    694
48.2     658
48.22    674
48.24    635
48.26    578
48.28    579
48.3     638
48.32    629
48.34    631
48.36    677
48.38    646
48.4     685
48.42    624
48.44    642
48.46    648
48.48    662
48.5     647
48.52    654
48.54    664
48.56    613
48.58    668
48.6     684
48.62    652
48.64    641
48.66    641
48.68    670
48.7     648
48.72    670
48.74    642
48.76    701
48.78    653
48.8     695
48.82    676
48.84    717
48.86    721
48.88    703
48.9     683
48.92    689
48.94    692
48.96    632
48.98    709
49.0     657
49.02    666
49.04    660
49.06    669
49.08    659
49.1     613
49.12    703
49.14    638
49.16    647
49.18    646
49.2     619
49.22    645
49.24    661
49.26    615
49.28    656
49.3     658
49.32    649
49.34    614
49.36    656
49.38    674
49.4     628
49.42    657
49.44    646
49.46    633
49.48    684
49.5     641
49.52    588
49.54    635
49.56    635
49.58    612
49.6     649
49.62    648
49.64    681
49.66    616
49.68    606
49.7     707
49.72    636
49.74    646
49.76    645
49.78    611
49.8     640
49.82    643
49.84    682
49.86    647
49.88    673
49.9     662
49.92    635
49.94    617
49.96    646
49.98    655
50.0     694
50.02    671
50.04    646
50.06    621
50.08    640
50.1     650
50.12    644
50.14    653
50.16    695
50.18    648
50.2     662
50.22    654
50.24    628
50.26    618
50.28    643
50.3     677
50.32    619
50.34    649
50.36    714
50.38    627
50.4     628
50.42    615
50.44    669
50.46    722
50.48    674
50.5     635
50.52    633
50.54    630
50.56    678
50.58    637
50.6     671
50.62    668
50.64    681
50.66    672
50.68    664
50.7     710
50.72    681
50.74    655
50.76    693
50.78    753
50.8     769
50.82    732
50.84    725
50.86    693
50.88    720
50.9     713
50.92    686
50.94    625
50.96    665
50.98    656
51.0     632
51.02    639
51.04    622
51.06    646
51.08    610
51.1     645
51.12    601
51.14    692
51.16    637
51.18    696
51.2     647
51.22    698
51.24    646
51.26    672
51.28    648
51.3     685
51.32    666
51.34    652
51.36    698
51.38    661
51.4     671
51.42    688
51.44    675
51.46    673
51.48    666
51.5     691
51.52    709
51.54    703
51.56    607
51.58    635
51.6     608
51.62    675
51.64    615
51.66    669
51.68    645
51.7     722
51.72    616
51.74    665
51.76    668
51.78    639
51.8     649
51.82    638
51.84    635
51.86    642
51.88    661
51.9     640
51.92    626
51.94    628
51.96    654
51.98    631
52.0     632
52.02    619
52.04    622
52.06    642
52.08    640
52.1     696
52.12    726
52.14    609
52.16    618
52.18    668
52.2     661
52.22    651
52.24    647
52.26    608
52.28    651
52.3     639
52.32    634
52.34    660
52.36    647
52.38    687
52.4     616
52.42    685
52.44    689
52.46    648
52.48    695
52.5     629
52.52    666
52.54    646
52.56    605
52.58    695
52.6     679
52.62    667
52.64    603
52.66    648
52.68    631
52.7     629
52.72    650
52.74    699
52.76    697
52.78    657
52.8     674
52.82    701
52.84    647
52.86    666
52.88    653
52.9     623
52.92    680
52.94    688
52.96    650
52.98    678
53.0     681
53.02    659
53.04    690
53.06    693
53.08    653
53.1     719
53.12    656
53.14    720
53.16    727
53.18    750
53.2     793
53.22    819
53.24    795
53.26    805
53.28    719
53.3     738
53.32    711
53.34    730
53.36    747
53.38    740
53.4     732
53.42    733
53.44    693
53.46    669
53.48    676
53.5     630
53.52    704
53.54    657
53.56    676
53.58    689
53.6     670
53.62    676
53.64    617
53.66    704
53.68    677
53.7     692
53.72    641
53.74    643
53.76    696
53.78    686
53.8     663
53.82    696
53.84    678
53.86    637
53.88    675
53.9     664
53.92    654
53.94    676
53.96    671
53.98    665
54.0     673
54.02    701
54.04    697
54.06    651
54.08    684
54.1     709
54.12    673
54.14    664
54.16    623
54.18    640
54.2     683
54.22    714
54.24    708
54.26    646
54.28    623
54.3     667
54.32    692
54.34    660
54.36    723
54.38    656
54.4     662
54.42    721
54.44    653
54.46    683
54.48    643
54.5     677
54.52    668
54.54    640
54.56    648
54.58    668
54.6     659
54.62    690
54.64    636
54.66    707
54.68    666
54.7     667
54.72    681
54.74    678
54.76    641
54.78    621
54.8     671
54.82    662
54.84    666
54.86    700
54.88    670
54.9     687
54.92    675
54.94    682
54.96    692
54.98    661
55.0     701
55.02    714
55.04    662
55.06    675
55.08    667
55.1     661
55.12    668
55.14    698
55.16    713
55.18    672
55.2     693
55.22    647
55.24    682
55.26    688
55.28    650
55.3     663
55.32    620
55.34    698
55.36    653
55.38    702
55.4     671
55.42    660
55.44    641
55.46    674
55.48    667
55.5     672
55.52    711
55.54    710
55.56    671
55.58    681
55.6     729
55.62    683
55.64    673
55.66    701
55.68    712
55.7     773
55.72    820
55.74    721
55.76    791
55.78    762
55.8     725
55.82    696
55.84    714
55.86    732
55.88    658
55.9     652
55.92    649
55.94    714
55.96    669
55.98    636
56.0     685
56.02    694
56.04    693
56.06    671
56.08    693
56.1     651
56.12    676
56.14    648
56.16    728
56.18    675
56.2     698
56.22    660
56.24    669
56.26    672
56.28    682
56.3     694
56.32    692
56.34    638
56.36    709
56.38    671
56.4     666
56.42    682
56.44    700
56.46    712
56.48    680
56.5     669
56.52    672
56.54    697
56.56    662
56.58    728
56.6     682
56.62    681
56.64    695
56.66    776
56.68    879
56.7     909
56.72    1034
56.74    1068
56.76    1111
56.78    972
56.8     958
56.82    923
56.84    864
56.86    859
56.88    873
56.9     881
56.92    919
56.94    842
56.96    811
56.98    762
57.0     750
57.02    710
57.04    715
57.06    643
57.08    670
57.1     679
57.12    678
57.14    627
57.16    690
57.18    679
57.2     687
57.22    718
57.24    704
57.26    672
57.28    711
57.3     706
57.32    670
57.34    666
57.36    690
57.38    685
57.4     714
57.42    667
57.44    666
57.46    653
57.48    676
57.5     682
57.52    648
57.54    695
57.56    717
57.58    703
57.6     649
57.62    687
57.64    700
57.66    711
57.68    688
57.7     652
57.72    666
57.74    696
57.76    660
57.78    660
57.8     690
57.82    678
57.84    689
57.86    675
57.88    731
57.9     684
57.92    687
57.94    663
57.96    685
57.98    636
58.0     651
58.02    670
58.04    707
58.06    650
58.08    677
58.1     675
58.12    682
58.14    663
58.16    646
58.18    652
58.2     684
58.22    672
58.24    669
58.26    711
58.28    656
58.3     694
58.32    681
58.34    705
58.36    684
58.38    656
58.4     663
58.42    727
58.44    694
58.46    669
58.48    671
58.5     650
58.52    664
58.54    672
58.56    638
58.58    650
58.6     644
58.62    698
58.64    678
58.66    614
58.68    766
58.7     651
58.72    654
58.74    673
58.76    668
58.78    685
58.8     690
58.82    712
58.84    690
58.86    666
58.88    673
58.9     671
58.92    612
58.94    652
58.96    666
58.98    646
59.0     653
59.02    726
59.04    665
59.06    681
59.08    685
59.1     709
59.12    693
59.14    662
59.16    680
59.18    669
59.2     714
59.22    673
59.24    716
59.26    670
59.28    727
59.3     694
59.32    710
59.34    702
59.36    682
59.38    654
59.4     680
59.42    711
59.44    655
59.46    702
59.48    686
59.5     717
59.52    692
59.54    681
59.56    718
59.58    649
59.6     655
59.62    673
59.64    643
59.66    664
59.68    682
59.7     748
59.72    707
59.74    707
59.76    668
59.78    676
59.8     691
59.82    643
59.84    690
59.86    673
59.88    678
59.9     660
59.92    699
59.94    672
59.96    697
59.98    692
60.0     670
60.02    655
60.04    683
60.06    673
60.08    700
60.1     691
60.12    674
60.14    658
60.16    696
60.18    677
60.2     687
60.22    683
60.24    730
60.26    695
60.28    672
60.3     661
60.32    671
60.34    677
60.36    690
60.38    693
60.4     641
60.42    705
60.44    679
60.46    714
60.48    727
60.5     689
60.52    693
60.54    734
60.56    662
60.58    721
60.6     720
60.62    644
60.64    672
60.66    704
60.68    657
60.7     721
60.72    709
60.74    624
60.76    699
60.78    656
60.8     708
60.82    668
60.84    673
60.86    661
60.88    649
60.9     667
60.92    689
60.94    738
60.96    684
60.98    677
61.0     684
61.02    667
61.04    722
61.06    676
61.08    644
61.1     652
61.12    672
61.14    677
61.16    647
61.18    698
61.2     667
61.22    651
61.24    727
61.26    675
61.28    676
61.3     638
61.32    664
61.34    664
61.36    710
61.38    734
61.4     660
61.42    729
61.44    682
61.46    725
61.48    721
61.5     691
61.52    742
61.54    658
61.56    693
61.58    690
61.6     735
61.62    675
61.64    689
61.66    704
61.68    708
61.7     686
61.72    733
61.74    670
61.76    701
61.78    706
61.8     740
61.82    685
61.84    703
61.86    732
61.88    705
61.9     758
61.92    745
61.94    715
61.96    716
61.98    704
62.0     682
62.02    677
62.04    727
62.06    675
62.08    668
62.1     667
62.12    724
62.14    692
62.16    694
62.18    746
62.2     713
62.22    706
62.24    778
62.26    837
62.28    834
62.3     1008
62.32    1167
62.34    1214
62.36    1176
62.38    1197
62.4     998
62.42    958
62.44    837
62.46    818
62.48    906
62.5     952
62.52    956
62.54    973
62.56    876
62.58    877
62.6     781
62.62    728
62.64    720
62.66    729
62.68    681
62.7     727
62.72    705
62.74    691
62.76    662
62.78    714
62.8     702
62.82    684
62.84    703
62.86    704
62.88    683
62.9     700
62.92    691
62.94    658
62.96    643
62.98    705
63.0     719
63.02    743
63.04    693
63.06    703
63.08    731
63.1     690
63.12    685
63.14    711
63.16    737
63.18    680
63.2     676
63.22    701
63.24    742
63.26    655
63.28    703
63.3     676
63.32    663
63.34    752
63.36    694
63.38    666
63.4     702
63.42    714
63.44    681
63.46    693
63.48    717
63.5     711
63.52    670
63.54    686
63.56    689
63.58    665
63.6     660
63.62    672
63.64    713
63.66    665
63.68    700
63.7     729
63.72    668
63.74    703
63.76    691
63.78    707
63.8     654
63.82    679
63.84    710
63.86    670
63.88    694
63.9     684
63.92    738
63.94    657
63.96    673
63.98    671
64.0     682
64.02    730
64.04    675
64.06    673
64.08    642
64.1     716
64.12    716
64.14    658
64.16    748
64.18    687
64.2     679
64.22    679
64.24    690
64.26    690
64.28    692
64.3     683
64.32    696
64.34    706
64.36    706
64.38    675
64.4     679
64.42    700
64.44    736
64.46    722
64.48    710
64.5     691
64.52    664
64.54    696
64.56    702
64.58    685
64.6     680
64.62    697
64.64    685
64.66    646
64.68    696
64.7     727
64.72    738
64.74    704
64.76    711
64.78    719
64.8     705
64.82    654
64.84    686
64.86    702
64.88    689
64.9     688
64.92    716
64.94    681
64.96    709
64.98    688
65.0     665
65.02    689
65.04    701
65.06    703
65.08    696
65.1     709
65.12    648
65.14    724
65.16    668
65.18    681
65.2     745
65.22    691
65.24    691
65.26    705
65.28    702
65.3     686
65.32    725
65.34    713
65.36    720
65.38    689
65.4     634
65.42    677
65.44    690
65.46    661
65.48    711
65.5     729
65.52    655
65.54    712
65.56    701
65.58    712
65.6     664
65.62    721
65.64    683
65.66    756
65.68    760
65.7     750
65.72    727
65.74    701
65.76    652
65.78    720
65.8     748
65.82    754
65.84    744
65.86    685
65.88    691
65.9     710
65.92    685
65.94    671
65.96    667
65.98    686
66.0     690
66.02    690
66.04    714
66.06    686
66.08    677
66.1     710
66.12    666
66.14    724
66.16    703
66.18    701
66.2     643
66.22    729
66.24    699
66.26    745
66.28    667
66.3     685
66.32    667
66.34    681
66.36    635
66.38    644
66.4     706
66.42    691
66.44    670
66.46    716
66.48    737
66.5     672
66.52    768
66.54    740
66.56    702
66.58    728
66.6     740
66.62    715
66.64    722
66.66    726
66.68    751
66.7     735
66.72    682
66.74    677
66.76    650
66.78    741
66.8     640
66.82    673
66.84    739
66.86    735
66.88    679
66.9     668
66.92    693
66.94    695
66.96    684
66.98    661
67.0     695
67.02    703
67.04    699
67.06    700
67.08    677
67.1     712
67.12    699
67.14    686
67.16    672
67.18    686
67.2     700
67.22    705
67.24    691
67.26    698
67.28    723
67.3     689
67.32    721
67.34    738
67.36    687
67.38    713
67.4     726
67.42    672
67.44    745
67.46    724
67.48    704
67.5     748
67.52    759
67.54    686
67.56    669
67.58    693
67.6     687
67.62    688
67.64    666
67.66    712
67.68    751
67.7     705
67.72    684
67.74    726
67.76    663
67.78    703
67.8     639
67.82    716
67.84    694
67.86    663
67.88    681
67.9     660
67.92    677
67.94    715
67.96    727
67.98    661
68.0     690
68.02    750
68.04    657
68.06    684
68.08    719
68.1     709
68.12    723
68.14    647
68.16    678
68.18    693
68.2     686
68.22    686
68.24    683
68.26    735
68.28    712
68.3     686
68.32    697
68.34    653
68.36    670
68.38    708
68.4     678
68.42    701
68.44    712
68.46    734
68.48    758
68.5     672
68.52    682
68.54    693
68.56    698
68.58    706
68.6     742
68.62    731
68.64    693
68.66    669
68.68    712
68.7     696
68.72    697
68.74    705
68.76    702
68.78    702
68.8     661
68.82    674
68.84    760
68.86    668
68.88    635
68.9     685
68.92    674
68.94    668
68.96    699
68.98    656
69.0     667
69.02    746
69.04    703
69.06    687
69.08    697
69.1     650
69.12    712
69.14    715
69.16    696
69.18    709
69.2     678
69.22    656
69.24    649
69.26    667
69.28    687
69.3     682
69.32    706
69.34    672
69.36    753
69.38    678
69.4     667
69.42    718
69.44    790
69.46    709
69.48    725
69.5     705
69.52    677
69.54    742
69.56    640
69.58    708
69.6     699
69.62    681
69.64    649
69.66    702
69.68    701
69.7     663
69.72    725
69.74    694
69.76    733
69.78    682
69.8     691
69.82    681
69.84    686
69.86    740
69.88    702
69.9     707
69.92    681
69.94    713
69.96    757
69.98    654
70.0     695
70.02    718
70.04    753
70.06    741
70.08    693
70.1     678
70.12    657
70.14    689
70.16    695
70.18    674
70.2     705
70.22    673
70.24    661
70.26    679
70.28    715
70.3     708
70.32    688
70.34    721
70.36    672
70.38    662
70.4     749
70.42    722
70.44    697
70.46    717
70.48    719
70.5     682
70.52    716
70.54    722
70.56    675
70.58    692
70.6     712
70.62    689
70.64    718
70.66    692
70.68    698
70.7     747
70.72    702
70.74    774
70.76    742
70.78    722
70.8     704
70.82    730
70.84    728
70.86    716
70.88    708
70.9     737
70.92    692
70.94    754
70.96    707
70.98    672
71.0     726
71.02    709
71.04    703
71.06    742
71.08    683
71.1     707
71.12    740
71.14    754
71.16    739
71.18    637
71.2     689
71.22    718
71.24    683
71.26    709
71.28    681
71.3     700
71.32    688
71.34    717
71.36    682
71.38    738
71.4     665
71.42    684
71.44    714
71.46    759
71.48    734
71.5     692
71.52    768
71.54    699
71.56    702
71.58    707
71.6     708
71.62    737
71.64    705
71.66    717
71.68    643
71.7     696
71.72    704
71.74    683
71.76    699
71.78    652
71.8     725
71.82    742
71.84    713
71.86    660
71.88    740
71.9     750
71.92    723
71.93    703
71.96    671
71.98    718
72.0     697
72.02    689
72.04    681
72.06    667
72.08    742
72.1     642
72.12    696
72.14    682
72.16    726
72.18    705
72.2     694
72.22    624
72.24    688
72.26    690
72.28    770
72.3     674
72.32    725
72.34    697
72.36    681
72.38    697
72.4     694
72.42    667
72.43    667
72.46    700
72.48    680
72.5     732
72.52    734
72.54    699
72.56    745
72.58    701
72.6     683
72.62    757
72.64    711
72.66    696
72.68    652
72.7     681
72.72    672
72.74    683
72.76    683
72.78    725
72.8     700
72.82    725
72.84    712
72.86    703
72.88    696
72.9     691
72.92    698
72.93    710
72.96    745
72.98    718
73.0     699
73.02    738
73.04    711
73.06    713
73.08    700
73.1     675
73.12    672
73.14    746
73.16    697
73.18    732
73.2     724
73.22    675
73.24    699
73.26    744
73.28    706
73.3     701
73.32    644
73.34    657
73.36    728
73.38    674
73.4     678
73.42    688
73.43    685
73.46    708
73.48    726
73.5     680
73.52    724
73.54    690
73.56    740
73.58    751
73.6     753
73.62    698
73.64    696
73.66    673
73.68    719
73.7     732
73.72    708
73.74    748
73.76    781
73.78    746
73.8     784
73.82    809
73.84    832
73.86    793
73.88    774
73.9     756
73.92    740
73.93    697
73.96    678
73.98    718
74.0     706
74.02    704
74.04    764
74.06    739
74.08    783
74.1     717
74.12    707
74.14    795
74.16    717
74.18    756
74.2     747
74.22    673
74.24    707
74.26    697
74.28    735
74.3     728
74.32    726
74.34    710
74.36    645
74.38    676
74.4     684
74.42    769
74.43    691
74.46    710
74.48    685
74.5     701
74.52    666
74.54    673
74.56    654
74.58    696
74.6     723
74.62    723
74.64    711
74.66    651
74.68    714
74.7     694
74.72    704
74.74    736
74.76    718
74.78    716
74.8     733
74.82    754
74.84    781
74.86    747
74.88    732
74.9     723
74.92    755
74.93    762
74.96    753
74.98    716
75.0     724
75.02    709
75.04    730
75.06    772
75.08    721
75.1     755
75.12    665
75.14    716
75.16    699
75.18    699
75.2     651
75.22    697
75.24    734
75.26    722
75.28    690
75.3     703
75.32    698
75.34    707
75.36    696
75.38    706
75.4     690
75.42    712
75.43    695
75.46    690
75.48    669
75.5     715
75.52    681
75.54    709
75.56    673
75.58    719
75.6     725
75.62    700
75.64    691
75.66    659
75.68    727
75.7     687
75.72    706
75.74    699
75.76    745
75.78    739
75.8     746
75.82    748
75.84    660
75.86    662
75.88    775
75.9     679
75.92    727
75.93    710
75.96    716
75.98    750
76.0     704
76.02    678
76.04    695
76.06    695
76.08    686
76.1     697
76.12    733
76.14    695
76.16    724
76.18    703
76.2     673
76.22    691
76.24    725
76.26    764
76.28    691
76.3     676
76.32    716
76.34    722
76.36    723
76.38    719
76.4     726
76.42    677
76.43    723
76.46    710
76.48    758
76.5     670
76.52    731
76.54    684
76.56    724
76.58    707
76.6     731
76.62    655
76.64    692
76.66    672
76.68    673
76.7     724
76.72    744
76.74    670
76.76    716
76.78    741
76.8     706
76.82    749
76.84    723
76.86    688
76.88    714
76.9     692
76.92    700
76.93    704
76.96    753
76.98    689
77.0     712
77.02    705
77.04    727
77.06    699
77.08    694
77.1     698
77.12    713
77.14    727
77.16    696
77.18    712
77.2     653
77.22    792
77.24    694
77.26    677
77.28    731
77.3     710
77.32    747
77.34    692
77.36    712
77.38    683
77.4     665
77.42    698
77.43    706
77.46    681
77.48    720
77.5     711
77.52    758
77.54    726
77.56    723
77.58    701
77.6     697
77.62    725
77.64    671
77.66    709
77.68    668
77.7     711
77.72    740
77.74    722
77.76    715
77.78    699
77.8     732
77.82    725
77.84    650
77.86    670
77.88    702
77.9     749
77.92    702
77.93    707
77.96    701
77.98    754
78.0     760
78.02    701
78.04    714
78.06    743
78.08    737
78.1     693
78.12    702
78.14    693
78.16    752
78.18    693
78.2     641
78.22    698
78.24    719
78.26    688
78.28    732
78.3     719
78.32    677
78.34    678
78.36    673
78.38    741
78.4     705
78.42    740
78.43    730
78.46    744
78.48    688
78.5     695
78.52    739
78.54    702
78.56    711
78.58    718
78.6     723
78.62    703
78.64    764
78.66    709
78.68    710
78.7     718
78.72    717
78.74    752
78.76    710
78.78    794
78.8     797
78.82    774
78.84    767
78.86    695
78.88    744
78.9     713
78.92    710
78.93    723
78.96    758
78.98    765
79.0     736
79.02    793
79.04    780
79.06    761
79.08    768
79.1     710
79.12    775
79.14    695
79.16    689
79.18    718
79.2     711
79.22    721
79.24    721
79.26    745
79.28    696
79.3     742
79.32    705
79.34    681
79.36    690
79.38    725
79.4     659
79.42    723
79.43    669
79.46    668
79.48    731
79.5     714
79.52    751
79.54    712
79.56    697
79.58    717
79.6     712
79.62    708
79.64    702
79.66    695
79.68    660
79.7     661
79.72    671
79.74    722
79.76    703
79.78    727
79.8     738
79.82    738
79.84    709
79.86    719
79.88    693
79.9     736
79.92    711
79.93    742
79.96    649
79.98    712
80.0     724
